USPS	GEOID	ALAND	AWATER	ALAND_SQMI	AWATER_SQMI	INTPTLAT	INTPTLONG                                                                                                                             
AL	0101	15713016933	2275891739	    6066.830	     878.727	 31.002052	 -87.787972                                                                                                                         
AL	0102	26266656653	306904089	   10141.613	     118.496	 31.702085	 -86.076842                                                                                                                          
AL	0103	19538922754	470586837	    7544.021	     181.695	 33.150564	 -85.700228                                                                                                                          
AL	0104	23022985191	572765433	    8889.225	     221.146	 34.118180	 -87.213808                                                                                                                          
AL	0105	9524263524	461158376	    3677.339	     178.054	 34.755074	 -86.710163                                                                                                                           
AL	0106	10802491019	177061068	    4170.865	      68.364	 33.260212	 -86.713427                                                                                                                          
AL	0107	26304067037	330583700	   10156.057	     127.639	 32.449235	 -87.640501                                                                                                                          
AK	0200	1477849359548	245487700921	  570600.852	   94783.335	 63.346191	-152.837069                                                                                                                     
AZ	0401	142551215109	354193078	   55039.334	     136.755	 34.971013	-110.725925                                                                                                                         
AZ	0402	20300717397	138380211	    7838.151	      53.429	 31.916618	-109.938728                                                                                                                          
AZ	0403	40633258735	8535050	   15688.590	       3.295	 32.423816	-112.402590                                                                                                                            
AZ	0404	85986392921	503964513	   33199.533	     194.582	 34.590918	-113.204528                                                                                                                          
AZ	0405	760228805	2284346	     293.526	       0.882	 33.339708	-111.712452                                                                                                                              
AZ	0406	1618419384	10576514	     624.875	       4.084	 33.665518	-111.888589                                                                                                                            
AZ	0407	531256759	1007377	     205.119	       0.389	 33.427819	-112.118768                                                                                                                              
AZ	0408	1397083241	5320219	     539.417	       2.054	 33.695581	-112.299574                                                                                                                             
AZ	0409	426709892	3529537	     164.754	       1.363	 33.406007	-111.949996                                                                                                                              
AR	0501	50035050037	1235239857	   19318.642	     476.929	 35.293909	 -91.258306                                                                                                                         
AR	0502	12897334714	300846536	    4979.689	     116.158	 35.099526	 -92.379265                                                                                                                          
AR	0503	13983383628	375120560	    5399.015	     144.835	 36.138288	 -94.062449                                                                                                                          
AR	0504	57855835055	1048994008	   22338.264	     405.019	 34.224191	 -93.221121                                                                                                                         
CA	0601	72745821216	1947860623	   28087.320	     752.073	 40.731988	-121.510516                                                                                                                         
CA	0602	33546708933	4122288114	   12952.457	    1591.624	 40.094059	-123.464974                                                                                                                         
CA	0603	16016009649	456718954	    6183.816	     176.340	 39.031952	-122.089573                                                                                                                          
CA	0604	33247313376	858132818	   12836.860	     331.327	 37.982452	-119.927973                                                                                                                          
CA	0605	4482821720	319010350	    1730.827	     123.171	 38.515806	-122.462559                                                                                                                           
CA	0606	453510669	11103485	     175.101	       4.287	 38.594033	-121.479768                                                                                                                             
CA	0607	1421419411	13622228	     548.813	       5.260	 38.479477	-121.215371                                                                                                                            
CA	0608	85126182511	450339336	   32867.404	     173.877	 35.662557	-116.819546                                                                                                                          
CA	0609	3242797164	136796497	    1252.051	      52.817	 38.010873	-121.307147                                                                                                                           
CA	0610	4710469430	59161828	    1818.722	      22.843	 37.586366	-121.054083                                                                                                                            
CA	0611	1278248043	92425013	     493.534	      35.685	 37.903869	-122.000933                                                                                                                            
CA	0612	100990999	211584336	      38.993	      81.693	 37.785514	-122.434000                                                                                                                            
CA	0613	250687455	127431121	      96.791	      49.201	 37.778962	-122.239248                                                                                                                            
CA	0614	672241899	827583971	     259.554	     319.532	 37.574676	-122.494794                                                                                                                            
CA	0615	1552875806	69374044	     599.569	      26.785	 37.657136	-121.836245                                                                                                                            
CA	0616	7354279031	118616463	    2839.503	      45.798	 37.108653	-120.518867                                                                                                                           
CA	0617	477488921	24431196	     184.360	       9.433	 37.441028	-121.966578                                                                                                                             
CA	0618	1803020928	329909978	     696.150	     127.379	 37.202132	-122.153712                                                                                                                           
CA	0619	2372242518	15213828	     915.928	       5.874	 37.216236	-121.529023                                                                                                                            
CA	0620	12624232281	1574866870	    4874.244	     608.060	 36.373286	-121.275218                                                                                                                         
CA	0621	17430391821	35944067	    6729.912	      13.878	 36.086714	-119.851500                                                                                                                           
CA	0622	3017827377	9715354	    1165.190	       3.751	 36.476861	-119.389551                                                                                                                             
CA	0623	25636036651	100592482	    9898.130	      38.839	 35.610684	-118.539057                                                                                                                          
CA	0624	17827969245	3688492762	    6883.418	    1424.135	 34.919633	-120.112845                                                                                                                         
CA	0625	4378756712	30955931	    1690.647	      11.952	 34.588060	-118.280269                                                                                                                            
CA	0626	2432374213	807090393	     939.145	     311.619	 34.167023	-119.129955                                                                                                                           
CA	0627	1812784541	7568290	     699.920	       2.922	 34.265083	-117.934887                                                                                                                             
CA	0628	565793499	2417798	     218.454	       0.934	 34.250058	-118.291452                                                                                                                              
CA	0629	238367198	1621908	      92.034	       0.626	 34.266695	-118.430313                                                                                                                              
CA	0630	352102387	5012017	     135.947	       1.935	 34.201873	-118.546956                                                                                                                              
CA	0631	564999232	6435648	     218.147	       2.485	 34.109675	-117.353329                                                                                                                              
CA	0632	321772643	5322338	     124.237	       2.055	 34.089564	-117.914142                                                                                                                              
CA	0633	747467515	489617617	     288.599	     189.042	 34.047000	-118.783131                                                                                                                            
CA	0634	123458382	784654	      47.668	       0.303	 34.074655	-118.228269                                                                                                                               
CA	0635	437439307	313475	     168.896	       0.121	 34.044570	-117.583212                                                                                                                               
CA	0636	15313397079	201938199	    5912.536	      77.969	 33.730013	-115.739337                                                                                                                          
CA	0637	143131687	351781	      55.263	       0.136	 34.016897	-118.371764                                                                                                                               
CA	0638	262665359	3824902	     101.416	       1.477	 33.939479	-118.062604                                                                                                                              
CA	0639	529394217	3024016	     204.400	       1.168	 33.940378	-117.834936                                                                                                                              
CA	0640	149406845	1743143	      57.686	       0.673	 33.969867	-118.179207                                                                                                                              
CA	0641	819846893	4267694	     316.545	       1.648	 33.918075	-117.297420                                                                                                                              
CA	0642	2424226817	44673135	     935.999	      17.248	 33.679953	-117.227523                                                                                                                            
CA	0643	186563510	555919	      72.033	       0.215	 33.903110	-118.336303                                                                                                                               
CA	0644	205536058	66884019	      79.358	      25.824	 33.818750	-118.250983                                                                                                                             
CA	0645	855908291	5419685	     330.468	       2.093	 33.714258	-117.668355                                                                                                                              
CA	0646	185673052	2402638	      71.689	       0.928	 33.790804	-117.896363                                                                                                                              
CA	0647	559885949	1176310522	     216.173	     454.176	 33.367336	-118.480709                                                                                                                           
CA	0648	376987033	283201290	     145.556	     109.345	 33.622910	-117.905096                                                                                                                            
CA	0649	1432622991	512378662	     553.139	     197.831	 33.314786	-117.379519                                                                                                                           
CA	0650	7219205252	43666640	    2787.351	      16.860	 33.113548	-116.622590                                                                                                                            
CA	0651	12410197598	870584407	    4791.604	     336.135	 32.996249	-115.525421                                                                                                                          
CA	0652	691514242	296847379	     266.995	     114.613	 32.857173	-117.165337                                                                                                                            
CA	0653	350757625	6842063	     135.428	       2.642	 32.718314	-117.031482                                                                                                                              
CO	0801	491193097	7065197	     189.651	       2.728	 39.732286	-104.908758                                                                                                                              
CO	0802	19516746488	236102407	    7535.458	      91.160	 40.137084	-105.709084                                                                                                                          
CO	0803	128799996809	388683400	   49729.959	     150.072	 38.743254	-107.344849                                                                                                                         
CO	0804	98686028743	435849151	   38102.890	     168.282	 39.070683	-103.413853                                                                                                                          
CO	0805	18818279832	61269175	    7265.779	      23.656	 38.815408	-105.344151                                                                                                                           
CO	0806	1228438900	22137667	     474.303	       8.547	 39.755088	-104.765351                                                                                                                            
CO	0807	886244473	24978122	     342.181	       9.644	 39.826150	-105.042224                                                                                                                             
CT	0901	1749409072	51351274	     675.451	      19.827	 41.928463	 -73.017383                                                                                                                            
CT	0902	5148619568	297843463	    1987.893	     114.998	 41.653687	 -72.206509                                                                                                                           
CT	0903	1218123113	68645286	     470.320	      26.504	 41.385688	 -72.877302                                                                                                                            
CT	0904	1193371430	214387702	     460.763	      82.776	 41.196801	 -73.388514                                                                                                                           
CT	0905	3232873256	87419075	    1248.219	      33.753	 41.694323	 -73.209998                                                                                                                            
CT	09ZZ	0	1095331994	       0.000	     422.910	 41.166607	 -72.842465                                                                                                                                   
DE	1000	5047093738	1398754502	    1948.694	     540.062	 38.998538	 -75.441662                                                                                                                          
DC	1198	158350578	18633500	      61.140	       7.194	 38.904103	 -77.017229                                                                                                                             
FL	1201	10403950067	1921272223	    4016.988	     741.807	 30.662801	 -86.662466                                                                                                                         
FL	1202	22309017501	3787041292	    8613.560	    1462.185	 30.282709	 -84.730377                                                                                                                         
FL	1203	18924329245	1443486102	    7306.725	     557.333	 29.834624	 -82.735829                                                                                                                         
FL	1204	4859796482	587464305	    1876.378	     226.821	 30.427243	 -81.861153                                                                                                                           
FL	1205	3510697715	466886285	    1355.488	     180.266	 29.385203	 -81.751210                                                                                                                           
FL	1206	6493230508	1789765242	    2507.050	     691.032	 29.457632	 -81.351825                                                                                                                          
FL	1207	1330397526	167382626	     513.669	      64.627	 28.725709	 -81.219620                                                                                                                           
FL	1208	4537002825	1710092699	    1751.747	     660.271	 28.164649	 -80.698906                                                                                                                          
FL	1209	4421770013	521035833	    1707.255	     201.173	 28.131810	 -81.201653                                                                                                                           
FL	1210	2927130488	697562942	    1130.171	     269.331	 28.516023	 -81.741177                                                                                                                           
FL	1211	6510980287	1027596385	    2513.904	     396.757	 28.858566	 -82.241463                                                                                                                          
FL	1212	2291186792	475524782	     884.632	     183.601	 28.268718	 -82.491773                                                                                                                           
FL	1213	481831174	600688428	     186.036	     231.927	 27.865758	 -82.747827                                                                                                                            
FL	1214	687286890	666181559	     265.363	     257.214	 27.833618	 -82.512718                                                                                                                            
FL	1215	2119985309	145652637	     818.531	      56.237	 28.044141	 -82.078704                                                                                                                           
FL	1216	2267468282	823575470	     875.474	     317.984	 27.310201	 -82.421319                                                                                                                           
FL	1217	16500812774	1868346581	    6371.000	     721.373	 27.299823	 -81.544202                                                                                                                         
FL	1218	3917791141	979214849	    1512.668	     378.077	 27.138361	 -80.379500                                                                                                                           
FL	1219	1942970090	1597599553	     750.185	     616.837	 26.431625	 -81.906768                                                                                                                          
FL	1220	6283277039	702828809	    2425.987	     271.364	 26.508924	 -80.677096                                                                                                                           
FL	1221	676229296	8814690	     261.094	       3.403	 26.468697	 -80.211304                                                                                                                              
FL	1222	447741276	483611994	     172.874	     186.724	 26.403288	 -80.077788                                                                                                                            
FL	1223	433720804	300278708	     167.461	     115.938	 26.073606	 -80.346007                                                                                                                            
FL	1224	274630733	37059804	     106.036	      14.309	 25.907101	 -80.219126                                                                                                                             
FL	1225	8374128610	388228148	    3233.269	     149.896	 26.094854	 -81.067058                                                                                                                           
FL	1226	5434912150	7255178562	    2098.431	    2801.240	 25.142631	 -81.027707                                                                                                                          
FL	1227	540925838	955513043	     208.853	     368.926	 25.573180	 -80.306097                                                                                                                            
GA	1301	20687943083	2441514699	    7987.660	     942.674	 31.317438	 -81.942545                                                                                                                         
GA	1302	24931959504	449484437	    9626.284	     173.547	 31.816237	 -84.419031                                                                                                                          
GA	1303	9935642747	215289336	    3836.173	      83.124	 33.150522	 -84.728664                                                                                                                           
GA	1304	1286292224	22909872	     496.640	       8.846	 33.699600	 -84.050563                                                                                                                            
GA	1305	686223571	5113136	     264.952	       1.974	 33.706985	 -84.401119                                                                                                                              
GA	1306	773897391	14147495	     298.803	       5.462	 34.013047	 -84.345680                                                                                                                             
GA	1307	1017040723	25618454	     392.682	       9.891	 34.040199	 -84.082956                                                                                                                            
GA	1308	22564124897	367285840	    8712.058	     141.810	 31.779807	 -83.451511                                                                                                                          
GA	1309	13496371440	412963460	    5210.978	     159.446	 34.506113	 -83.687050                                                                                                                          
GA	1310	18374794662	469248000	    7094.548	     181.178	 33.424206	 -83.062309                                                                                                                          
GA	1311	2774562407	69116817	    1071.265	      26.686	 34.180432	 -84.651494                                                                                                                            
GA	1312	21200442405	376933015	    8185.537	     145.535	 32.413331	 -82.223842                                                                                                                          
GA	1313	1849893071	25862843	     714.248	       9.986	 33.629827	 -84.568775                                                                                                                            
GA	1314	9384315274	51592699	    3623.305	      19.920	 34.430586	 -85.097876                                                                                                                            
HI	1501	541575618	456528192	     209.104	     176.267	 21.322640	-157.905954                                                                                                                            
HI	1502	16092731273	11321011823	    6213.439	    4371.067	 19.828171	-155.495040                                                                                                                        
ID	1601	102093306706	1316190029	   39418.448	     508.184	 45.296750	-116.035842                                                                                                                        
ID	1602	111952118843	1081538076	   43224.957	     417.584	 43.443932	-113.364265                                                                                                                        
IL	1701	669226983	2196597	     258.390	       0.848	 41.546671	 -87.835747                                                                                                                              
IL	1702	2798930542	25477959	    1080.673	       9.837	 41.256208	 -87.790115                                                                                                                            
IL	1703	614220689	12668159	     237.152	       4.891	 41.678977	 -87.891975                                                                                                                             
IL	1704	135858371	893860	      52.455	       0.345	 41.831869	 -87.710024                                                                                                                               
IL	1705	248165641	1377421	      95.817	       0.532	 41.930366	 -87.830902                                                                                                                              
IL	1706	981144563	27321469	     378.822	      10.549	 42.175103	 -88.219876                                                                                                                             
IL	1707	161925264	4788471	      62.520	       1.849	 41.863332	 -87.732122                                                                                                                              
IL	1708	532278684	10762738	     205.514	       4.156	 42.009666	 -88.096644                                                                                                                             
IL	1709	272963676	1535508	     105.392	       0.593	 42.052684	 -87.810185                                                                                                                              
IL	1710	776364330	31753743	     299.756	      12.260	 42.280008	 -87.939932                                                                                                                             
IL	1711	727563020	14334933	     280.914	       5.535	 41.642798	 -88.145949                                                                                                                             
IL	1712	12971356214	462660440	    5008.269	     178.634	 37.993307	 -89.427891                                                                                                                          
IL	1713	15005439262	215872332	    5793.633	      83.349	 39.515635	 -89.519842                                                                                                                          
IL	1714	4137749565	62490257	    1597.594	      24.128	 42.025547	 -88.445853                                                                                                                            
IL	1715	38062213755	353578894	   14695.904	     136.518	 38.905169	 -88.442079                                                                                                                          
IL	1716	20506307144	180729735	    7917.530	      69.780	 41.391523	 -88.799197                                                                                                                          
IL	1717	17956494478	339079043	    6933.042	     130.919	 41.389467	 -90.218653                                                                                                                          
IL	1718	27236500792	382224060	   10516.072	     147.578	 40.227184	 -90.069118                                                                                                                          
IL	17ZZ	44050	4071181839	       0.017	    1571.892	 41.887228	 -87.613190                                                                                                                               
IN	1801	2996472020	624773806	    1156.944	     241.227	 41.497034	 -87.179817                                                                                                                           
IN	1802	10252866065	132052132	    3958.654	      50.986	 41.248724	 -86.236798                                                                                                                          
IN	1803	10826747195	135333164	    4180.231	      52.252	 41.096795	 -85.236277                                                                                                                          
IN	1804	16452943434	68014757	    6352.517	      26.261	 40.381088	 -86.859412                                                                                                                           
IN	1805	4985257035	40928338	    1924.819	      15.803	 40.248632	 -85.869599                                                                                                                            
IN	1806	16075651614	106606299	    6206.844	      41.161	 39.475219	 -85.376338                                                                                                                          
IN	1807	787037164	4852218	     303.877	       1.873	 39.746873	 -86.139006                                                                                                                              
IN	1808	18792382228	277664619	    7255.780	     107.207	 38.733017	 -87.199347                                                                                                                          
IN	1809	11621055099	145614106	    4486.915	      56.222	 38.782941	 -86.212293                                                                                                                          
IA	1901	31206211617	228641040	   12048.786	      88.279	 42.527760	 -91.896123                                                                                                                          
IA	1902	31758391976	431448317	   12261.984	     166.583	 41.208515	 -92.149188                                                                                                                          
IA	1903	22765046662	153187561	    8789.634	      59.146	 41.209543	 -94.640381                                                                                                                          
IA	1904	58938944160	263579671	   22756.455	     101.769	 42.628638	 -94.645098                                                                                                                          
KS	2001	136083828434	594615072	   52542.262	     229.582	 38.731595	 -99.408037                                                                                                                         
KS	2002	36631173310	530083504	   14143.376	     204.666	 38.482278	 -95.424640                                                                                                                          
KS	2003	1961238309	33332262	     757.238	      12.870	 38.895004	 -94.790643                                                                                                                            
KS	2004	37076635464	188674124	   14315.370	      72.847	 37.554465	 -97.743983                                                                                                                          
KY	2101	31293388183	1224897207	   12082.445	     472.935	 37.084603	 -87.184938                                                                                                                         
KY	2102	18586998188	403709539	    7176.480	     155.873	 37.544621	 -85.990490                                                                                                                          
KY	2103	827168876	41594680	     319.372	      16.060	 38.189221	 -85.697271                                                                                                                             
KY	2104	11334273130	290235650	    4376.188	     112.061	 38.568973	 -84.437006                                                                                                                          
KY	2105	29095488939	313027221	   11233.832	     120.860	 37.368828	 -83.521898                                                                                                                          
KY	2106	11125101888	119874643	    4295.426	      46.284	 38.053447	 -84.154778                                                                                                                          
LA	2201	10439355447	14395835534	    4030.658	    5558.263	 29.650554	 -89.880453                                                                                                                        
LA	2202	3285411386	522154062	    1268.504	     201.605	 30.046744	 -90.568499                                                                                                                           
LA	2203	18087441043	5595387492	    6983.600	    2160.391	 29.929615	 -92.442361                                                                                                                         
LA	2204	32207126338	1110102916	   12435.242	     428.613	 31.792047	 -93.179606                                                                                                                         
LA	2205	37434105823	1114286491	   14453.390	     430.228	 31.766446	 -91.823524                                                                                                                         
LA	2206	10447603940	1012437610	    4033.843	     390.904	 30.295781	 -91.008526                                                                                                                         
ME	2301	8510953535	4734824904	    3286.098	    1828.126	 43.837732	 -69.939068                                                                                                                          
ME	2302	71374290921	7014266622	   27557.769	    2708.224	 45.480446	 -69.056071                                                                                                                         
MD	2401	10301405254	4035370221	    3977.395	    1558.065	 38.768471	 -75.958886                                                                                                                         
MD	2402	902927362	440384855	     348.622	     170.034	 39.339519	 -76.428702                                                                                                                            
MD	2403	788542684	252326052	     304.458	      97.424	 39.157221	 -76.676863                                                                                                                            
MD	2404	771338863	48257804	     297.816	      18.632	 39.056247	 -76.592471                                                                                                                             
MD	2405	3836683542	2069851478	    1481.352	     799.174	 38.472187	 -76.711488                                                                                                                          
MD	2406	5055929089	98329568	    1952.105	      37.965	 39.537614	 -78.884335                                                                                                                            
MD	2407	1264535951	14751872	     488.240	       5.696	 39.286810	 -76.996552                                                                                                                            
MD	2408	2226212475	24183375	     859.545	       9.337	 39.422297	 -77.242003                                                                                                                            
MA	2501	6087286833	129397657	    2350.315	      49.961	 42.331042	 -72.864180                                                                                                                           
MA	2502	4216565114	221665703	    1628.025	      85.586	 42.385042	 -72.118691                                                                                                                           
MA	2503	1962575030	76203357	     757.754	      29.422	 42.589515	 -71.572828                                                                                                                            
MA	2504	1730872892	86459384	     668.294	      33.382	 41.997215	 -71.227536                                                                                                                            
MA	2505	686612263	58511619	     265.102	      22.591	 42.355366	 -71.298440                                                                                                                             
MA	2506	1364318030	864176338	     526.766	     333.660	 42.617112	 -70.885391                                                                                                                           
MA	2507	162473239	97425160	      62.731	      37.616	 42.316688	 -71.009442                                                                                                                             
MA	2508	845472845	447485345	     326.439	     172.775	 42.194734	 -70.944005                                                                                                                            
MA	2509	3147760041	5150481035	    1215.357	    1988.612	 41.690360	 -70.494314                                                                                                                          
MI	2601	64823252730	75783538108	   25028.399	   29260.189	 46.157305	 -86.436912                                                                                                                        
MI	2602	8507341861	7462277227	    3284.703	    2881.201	 43.397541	 -86.318863                                                                                                                          
MI	2603	6810388574	177859221	    2629.506	      68.672	 42.720027	 -85.237276                                                                                                                           
MI	2604	21906541484	520883648	    8458.163	     201.114	 43.731553	 -84.750399                                                                                                                          
MI	2605	6083579601	4835388687	    2348.883	    1866.954	 44.081876	 -83.690011                                                                                                                          
MI	2606	9188349125	4065721147	    3547.642	    1569.784	 42.164052	 -86.156052                                                                                                                          
MI	2607	10949926093	526908518	    4227.790	     203.441	 42.093608	 -84.304955                                                                                                                          
MI	2608	3893103550	99752525	    1503.136	      38.515	 42.647773	 -83.945354                                                                                                                            
MI	2609	475658448	13179288	     183.653	       5.089	 42.529660	 -83.054722                                                                                                                             
MI	2610	10727947220	5439803232	    4142.084	    2100.320	 43.455904	 -82.882407                                                                                                                         
MI	2611	1085447481	55800966	     419.094	      21.545	 42.530002	 -83.453996                                                                                                                            
MI	2612	1044087818	71948746	     403.125	      27.780	 42.205152	 -83.449841                                                                                                                            
MI	2613	478784404	5411886	     184.860	       2.090	 42.380381	 -83.312553                                                                                                                              
MI	2614	480908561	97628209	     185.680	      37.694	 42.389224	 -82.921841                                                                                                                             
MI	26ZZ	0	4875242977	       0.000	    1882.342	 42.636317	 -86.544742                                                                                                                                   
MN	2701	31014108351	540029391	   11974.615	     208.507	 43.898939	 -93.711742                                                                                                                          
MN	2702	6314595359	243145302	    2438.079	      93.879	 44.478968	 -92.853042                                                                                                                           
MN	2703	1364987556	144566891	     527.025	      55.818	 44.995880	 -93.528620                                                                                                                           
MN	2704	861625627	84505652	     332.676	      32.628	 45.002713	 -92.977366                                                                                                                             
MN	2705	351459948	16692860	     135.699	       6.445	 44.981013	 -93.296359                                                                                                                             
MN	2706	7464776715	404568120	    2882.167	     156.205	 45.336807	 -93.852055                                                                                                                           
MN	2707	86584433566	5042014014	   33430.438	    1946.733	 46.553020	 -95.675905                                                                                                                         
MN	2708	72280618181	12448802012	   27907.704	    4806.510	 47.250340	 -92.963868                                                                                                                        
MS	2801	27383798958	409026660	   10572.944	     157.926	 34.197518	 -89.003512                                                                                                                          
MS	2802	40280277820	959081504	   15552.303	     370.303	 33.176330	 -90.350829                                                                                                                          
MS	2803	33032780227	342938730	   12754.028	     132.409	 32.014930	 -89.740589                                                                                                                          
MS	2804	20835042912	2217540651	    8044.455	     856.197	 30.994186	 -89.090334                                                                                                                         
MO	2901	583675182	27124819	     225.358	      10.473	 38.728386	 -90.296228                                                                                                                             
MO	2902	1206364228	37423273	     465.780	      14.449	 38.602970	 -90.532337                                                                                                                            
MO	2903	17745439557	368165155	    6851.553	     142.149	 38.578171	 -91.563185                                                                                                                          
MO	2904	37299415102	757250952	   14401.385	     292.376	 38.282425	 -93.318995                                                                                                                          
MO	2905	6281176859	89875611	    2425.176	      34.701	 39.141446	 -93.783936                                                                                                                            
MO	2906	47133894799	527235970	   18198.499	     203.567	 39.948014	 -93.293542                                                                                                                          
MO	2907	16246596018	248400610	    6272.846	      95.908	 36.991061	 -93.706352                                                                                                                          
MO	2908	51543433898	444743724	   19901.032	     171.717	 37.194128	 -90.934515                                                                                                                          
MT	3000	376963849026	3867840830	  145546.562	    1493.382	 47.051177	-109.634817                                                                                                                        
NE	3101	22996538678	249267069	    8879.014	      96.243	 41.374459	 -96.828662                                                                                                                          
NE	3102	1320197783	43508969	     509.731	      16.799	 41.228622	 -96.160905                                                                                                                            
NE	3103	174655546494	1063665823	   67434.886	     410.684	 41.539473	-100.222969                                                                                                                        
NV	3201	270645466	16683	     104.497	       0.006	 36.133543	-115.151542                                                                                                                                
NV	3202	144598481964	1316115516	   55829.788	     508.155	 40.651151	-117.329684                                                                                                                        
NV	3203	7377823816	103659760	    2848.594	      40.023	 35.663194	-115.153967                                                                                                                           
NV	3204	132084620052	629301016	   50998.159	     242.974	 38.085647	-116.026496                                                                                                                         
NH	3301	6381192652	625465340	    2463.792	     241.494	 43.464959	 -71.200405                                                                                                                           
NH	3302	16806771602	400786974	    6489.131	     154.745	 43.764178	 -71.721399                                                                                                                          
NJ	3401	906589846	51955370	     350.036	      20.060	 39.791988	 -75.058030                                                                                                                             
NJ	3402	5419961796	2031577548	    2092.659	     784.397	 39.392647	 -74.908673                                                                                                                          
NJ	3403	2330111995	619975247	     899.661	     239.374	 39.898922	 -74.476374                                                                                                                           
NJ	3404	1792029699	48834368	     691.907	      18.855	 40.165313	 -74.316741                                                                                                                            
NJ	3405	2567558455	83531863	     991.340	      32.252	 41.186250	 -74.828136                                                                                                                            
NJ	3406	558423773	502940022	     215.609	     194.186	 40.354920	 -74.202649                                                                                                                            
NJ	3407	2512668272	47260945	     970.147	      18.248	 40.631748	 -74.789504                                                                                                                            
NJ	3408	141731114	37429850	      54.723	      14.452	 40.723043	 -74.108591                                                                                                                             
NJ	3409	246912219	19232163	      95.333	       7.426	 40.860782	 -74.073824                                                                                                                             
NJ	3410	196641561	12870461	      75.924	       4.969	 40.708964	 -74.209045                                                                                                                             
NJ	3411	1308413666	68784713	     505.181	      26.558	 40.902057	 -74.450462                                                                                                                            
NJ	3412	1067727012	18359995	     412.252	       7.089	 40.374205	 -74.573851                                                                                                                            
NM	3501	11914050366	17975619	    4600.041	       6.940	 34.771562	-106.051091                                                                                                                           
NM	3502	185805190455	418267698	   71739.788	     161.494	 33.385320	-106.299459                                                                                                                         
NM	3503	116442169503	319469197	   44958.575	     123.348	 36.009834	-105.831875                                                                                                                         
NY	3601	1683515566	3359863365	     650.009	    1297.251	 40.983885	 -72.549522                                                                                                                          
NY	3602	470950196	374488230	     181.835	     144.591	 40.685329	 -73.288487                                                                                                                            
NY	3603	660259854	301977311	     254.928	     116.594	 40.860496	 -73.505379                                                                                                                            
NY	3604	287194458	168289399	     110.886	      64.977	 40.636948	 -73.605910                                                                                                                            
NY	3605	134521810	184532145	      51.939	      71.248	 40.596562	 -73.827212                                                                                                                            
NY	3606	77169576	711425	      29.795	       0.275	 40.734862	 -73.823455                                                                                                                                
NY	3607	41805917	2675060	      16.141	       1.033	 40.690936	 -73.910570                                                                                                                               
NY	3608	74740249	46978400	      28.857	      18.138	 40.621438	 -73.911077                                                                                                                              
NY	3609	40267199	502409	      15.547	       0.194	 40.642184	 -73.947201                                                                                                                                
NY	3610	36379611	23229827	      14.046	       8.969	 40.703036	 -74.006678                                                                                                                              
NY	3611	169846407	126917097	      65.578	      49.003	 40.566974	 -74.126314                                                                                                                            
NY	3612	38311112	7282922	      14.792	       2.812	 40.751026	 -73.950420                                                                                                                               
NY	3613	26315653	7203614	      10.161	       2.781	 40.838862	 -73.932982                                                                                                                               
NY	3614	73814715	39172677	      28.500	      15.125	 40.809782	 -73.837004                                                                                                                              
NY	3615	37601479	6260611	      14.518	       2.417	 40.824067	 -73.891157                                                                                                                               
NY	3616	202993325	76385477	      78.376	      29.493	 40.939735	 -73.791088                                                                                                                             
NY	3617	991028991	149811745	     382.638	      57.843	 41.159532	 -73.919355                                                                                                                            
NY	3618	3505400321	162160655	    1353.443	      62.611	 41.411657	 -74.080981                                                                                                                           
NY	3619	20556938689	430664940	    7937.079	     166.281	 42.227811	 -74.425633                                                                                                                          
NY	3620	3189342809	81980827	    1231.412	      31.653	 42.748882	 -73.988366                                                                                                                            
NY	3621	39147309319	3339524030	   15114.861	    1289.397	 44.008384	 -74.609231                                                                                                                         
NY	3622	13150550988	386934392	    5077.456	     149.396	 42.870701	 -75.662664                                                                                                                          
NY	3623	19092559703	1602398501	    7371.679	     618.690	 42.344244	 -77.845808                                                                                                                         
NY	3624	6186411535	3271907762	    2388.587	    1263.291	 43.210319	 -76.648094                                                                                                                          
NY	3625	1321403927	1831738121	     510.197	     707.238	 43.323395	 -77.715489                                                                                                                          
NY	3626	567556670	35634426	     219.135	      13.759	 42.961825	 -78.840983                                                                                                                             
NY	3627	10290387695	3222827133	    3973.141	    1244.341	 43.000850	 -78.316882                                                                                                                         
NC	3701	14227670081	414257047	    5493.334	     159.946	 36.111910	 -77.500901                                                                                                                          
NC	3702	8409234064	128676406	    3246.824	      49.682	 35.445754	 -79.297226                                                                                                                           
NC	3703	20228745535	10851739197	    7810.363	    4189.880	 35.405786	 -76.629674                                                                                                                        
NC	3704	2707748535	56133570	    1045.468	      21.673	 35.624320	 -78.995145                                                                                                                            
NC	3705	9251129670	64394739	    3571.881	      24.863	 36.145080	 -80.960593                                                                                                                            
NC	3706	9516312605	148015334	    3674.269	      57.149	 36.310420	 -79.678378                                                                                                                           
NC	3707	15962365745	1123703691	    6163.104	     433.864	 34.688305	 -78.319958                                                                                                                         
NC	3708	11685619725	169719918	    4511.843	      65.529	 35.122447	 -79.960941                                                                                                                          
NC	3709	2218221505	116919618	     856.460	      45.143	 35.379633	 -80.838403                                                                                                                           
NC	3710	6669521811	101611373	    2575.117	      39.232	 35.439187	 -81.629360                                                                                                                           
NC	3711	17710994079	191381618	    6838.253	      73.893	 35.553222	 -82.787554                                                                                                                          
NC	3712	1424066629	19026593	     549.835	       7.346	 35.646262	 -80.442471                                                                                                                            
NC	3713	5906365971	87143400	    2280.461	      33.646	 35.783220	 -78.212810                                                                                                                            
ND	3800	178708787440	4398990288	   68999.852	    1698.460	 47.442170	-100.460816                                                                                                                        
OH	3901	1779250640	26627557	     686.973	      10.281	 39.336079	 -84.346772                                                                                                                            
OH	3902	8343984558	77250151	    3221.631	      29.826	 39.018868	 -83.551946                                                                                                                            
OH	3903	590617243	11215655	     228.039	       4.330	 39.966207	 -82.947495                                                                                                                             
OH	3904	12082199338	122467358	    4664.963	      47.285	 40.387175	 -83.935703                                                                                                                          
OH	3905	14572482463	72238509	    5626.467	      27.891	 41.155751	 -84.044789                                                                                                                           
OH	3906	18686484697	202021013	    7214.892	      78.001	 39.771409	 -81.575039                                                                                                                          
OH	3907	10009758441	64689682	    3864.790	      24.977	 40.481163	 -82.392918                                                                                                                           
OH	3908	6346865234	40234643	    2450.538	      15.535	 39.899469	 -84.160805                                                                                                                            
OH	3909	1203425161	4312238754	     464.645	    1664.965	 41.403253	 -82.548119                                                                                                                          
OH	3910	2926087913	15298208	    1129.769	       5.907	 39.701362	 -83.958695                                                                                                                            
OH	3911	633330554	1310790294	     244.530	     506.099	 41.613250	 -81.531037                                                                                                                           
OH	3912	5884568811	76546809	    2272.045	      29.555	 40.239323	 -82.613677                                                                                                                            
OH	3913	2316339685	70026648	     894.344	      27.037	 41.149630	 -80.978697                                                                                                                            
OH	3914	5060003158	3734236083	    1953.678	    1441.797	 41.751164	 -81.019475                                                                                                                          
OH	3915	12273922568	99527375	    4738.988	      38.428	 39.577860	 -82.756205                                                                                                                           
OH	3916	3121943327	31004840	    1205.389	      11.971	 40.982155	 -81.740604                                                                                                                            
OK	4001	4226076839	143439083	    1631.697	      55.382	 36.211741	 -95.789582                                                                                                                           
OK	4002	54379771577	1950656461	   20996.148	     753.153	 35.143303	 -95.441772                                                                                                                         
OK	4003	88362549579	813212265	   34116.973	     313.983	 36.107069	 -98.839765                                                                                                                          
OK	4004	25323164939	407945130	    9777.329	     157.509	 34.586592	 -97.750131                                                                                                                          
OK	4005	5371388426	59048740	    2073.905	      22.799	 35.307879	 -96.989604                                                                                                                            
OR	4101	7788188145	770387116	    3007.036	     297.448	 45.721199	-123.341271                                                                                                                           
OR	4102	179856915530	1902718923	   69443.146	     734.644	 43.837494	-119.596850                                                                                                                        
OR	4103	2782954728	82831424	    1074.505	      31.981	 45.399831	-122.228679                                                                                                                            
OR	4104	44742088988	2227624495	   17275.018	     860.091	 43.490431	-123.245543                                                                                                                         
OR	4105	13438519478	1207340792	    5188.642	     466.157	 45.028365	-123.195164                                                                                                                         
PA	4201	201793676	31171325	      77.913	      12.035	 39.927735	 -75.214285                                                                                                                             
PA	4202	192016020	3473805	      74.138	       1.341	 40.015162	 -75.222197                                                                                                                              
PA	4203	9973639231	2115957483	    3850.844	     816.976	 41.407608	 -80.003557                                                                                                                          
PA	4204	3931307770	41440762	    1517.886	      16.000	 39.921856	 -76.911616                                                                                                                            
PA	4205	27742735741	213231601	   10711.531	      82.329	 41.387174	 -78.570677                                                                                                                          
PA	4206	2228772788	29520532	     860.534	      11.398	 40.060122	 -75.634489                                                                                                                            
PA	4207	2233986858	21277097	     862.547	       8.215	 39.898092	 -75.921780                                                                                                                            
PA	4208	1830960089	49376519	     706.938	      19.064	 40.336080	 -75.151156                                                                                                                            
PA	4209	14840775257	94924680	    5730.056	      36.651	 40.141578	 -78.673654                                                                                                                           
PA	4210	21698725555	298027996	    8377.925	     115.069	 41.372693	 -76.523189                                                                                                                          
PA	4211	8693355969	193072860	    3356.524	      74.546	 40.881389	 -76.451760                                                                                                                           
PA	4212	5602307642	59304422	    2163.063	      22.898	 40.428412	 -79.486500                                                                                                                            
PA	4213	401901970	2647089	     155.175	       1.022	 40.124002	 -75.159535                                                                                                                              
PA	4214	542048425	26842207	     209.286	      10.364	 40.432541	 -79.905696                                                                                                                             
PA	4215	3328135210	33956829	    1285.000	      13.111	 40.528964	 -75.962407                                                                                                                            
PA	4216	2583989470	105160480	     997.684	      40.603	 40.020882	 -76.213198                                                                                                                           
PA	4217	4489061690	59182626	    1733.236	      22.851	 40.885497	 -75.797088                                                                                                                            
PA	4218	5368509711	17442228	    2072.793	       6.734	 40.170535	 -80.027517                                                                                                                            
RI	4401	695399832	628701587	     268.495	     242.743	 41.630677	 -71.328672                                                                                                                            
RI	4402	1982351415	694781085	     765.390	     268.256	 41.569601	 -71.615514                                                                                                                           
SC	4501	4009002934	2197043309	    1547.885	     848.283	 32.714063	 -80.160624                                                                                                                          
SC	4502	7827837835	225823101	    3022.345	      87.191	 33.633062	 -81.379289                                                                                                                           
SC	4503	13644894769	518904447	    5268.324	     200.350	 34.363867	 -82.338204                                                                                                                          
SC	4504	3364988623	44849797	    1299.229	      17.317	 34.941701	 -82.170156                                                                                                                            
SC	4505	14259562752	265587904	    5505.648	     102.544	 34.530228	 -81.010938                                                                                                                          
SC	4506	20883140018	863219956	    8063.026	     333.291	 33.208208	 -80.523987                                                                                                                          
SC	4507	13868487000	959320791	    5354.653	     370.396	 34.083478	 -79.498848                                                                                                                          
SD	4600	196348876870	3379900654	   75810.728	    1304.987	 44.446796	-100.238176                                                                                                                        
TN	4701	10727781836	207561250	    4142.020	      80.140	 36.212501	 -82.799917                                                                                                                          
TN	4702	6012643369	279133580	    2321.495	     107.774	 36.050326	 -83.821199                                                                                                                           
TN	4703	11837020626	372481137	    4570.299	     143.816	 35.761646	 -84.509444                                                                                                                          
TN	4704	15500289326	241901043	    5984.695	      93.399	 35.262145	 -86.628878                                                                                                                          
TN	4705	3233297511	72166687	    1248.383	      27.864	 36.187331	 -87.074025                                                                                                                            
TN	4706	16769380019	325261093	    6474.694	     125.584	 36.194771	 -85.778434                                                                                                                          
TN	4707	23725054465	416736813	    9160.295	     160.903	 35.633387	 -87.833347                                                                                                                          
TN	4708	17742720764	383031748	    6850.503	     147.889	 35.850861	 -89.101830                                                                                                                          
TN	4709	1251942878	54609405	     483.378	      21.085	 35.167634	 -89.978861                                                                                                                            
TX	4801	20354600766	976764375	    7858.956	     377.131	 31.951678	 -94.552046                                                                                                                          
TX	4802	799645937	54873678	     308.745	      21.187	 30.047369	 -95.178292                                                                                                                             
TX	4803	1245563603	97783577	     480.915	      37.754	 33.159406	 -96.613072                                                                                                                            
TX	4804	26218723496	1029268458	   10123.106	     397.403	 33.298288	 -95.418063                                                                                                                         
TX	4805	13063627410	494903565	    5043.895	     191.083	 32.225795	 -95.731668                                                                                                                          
TX	4806	5564752412	255718722	    2148.563	      98.734	 32.235054	 -96.665879                                                                                                                           
TX	4807	419801732	3141563	     162.086	       1.213	 29.724165	 -95.500307                                                                                                                              
TX	4808	15679942156	412963247	    6054.060	     159.446	 30.833241	 -95.543603                                                                                                                          
TX	4809	429126908	5255572	     165.687	       2.029	 29.645470	 -95.494207                                                                                                                              
TX	4810	13134870892	186086080	    5071.402	      71.848	 29.976625	 -96.592155                                                                                                                          
TX	4811	72085447102	573571160	   27832.348	     221.457	 31.732293	-100.063696                                                                                                                          
TX	4812	3732605954	86673876	    1441.167	      33.465	 32.821179	 -97.664511                                                                                                                            
TX	4813	99324217390	767151725	   38349.296	     296.199	 34.837689	-100.597872                                                                                                                          
TX	4814	6324645604	2551504790	    2441.959	     985.142	 29.433717	 -94.892695                                                                                                                          
TX	4815	20212567819	154627451	    7804.116	      59.702	 27.750011	 -98.263411                                                                                                                          
TX	4816	1840129829	3790302	     710.478	       1.463	 31.910803	-106.310424                                                                                                                             
TX	4817	19816649344	308063289	    7651.251	     118.944	 31.153602	 -96.665768                                                                                                                          
TX	4818	609255874	4509649	     235.235	       1.741	 29.818550	 -95.253575                                                                                                                              
TX	4819	66914098453	282501571	   25835.679	     109.074	 33.245290	-101.209738                                                                                                                          
TX	4820	517192872	1486623	     199.689	       0.574	 29.474317	 -98.622461                                                                                                                              
TX	4821	15334979945	91852398	    5920.869	      35.464	 30.057890	 -98.975368                                                                                                                           
TX	4822	2675909411	61939428	    1033.174	      23.915	 29.510717	 -95.677395                                                                                                                            
TX	4823	150372616098	449345629	   58059.194	     173.493	 30.389210	-102.326756                                                                                                                         
TX	4824	680559560	23265487	     262.766	       8.983	 32.919473	 -97.012724                                                                                                                             
TX	4825	19739097578	319467006	    7621.309	     123.347	 31.500791	 -97.815913                                                                                                                          
TX	4826	2349638321	191629013	     907.200	      73.988	 33.184615	 -97.134173                                                                                                                           
TX	4827	23641659912	4517783597	    9128.096	    1744.326	 28.782994	 -96.841407                                                                                                                         
TX	4828	24291268136	299345618	    9378.911	     115.578	 27.848634	 -98.913612                                                                                                                          
TX	4829	484451940	10450227	     187.048	       4.035	 29.688161	 -95.199807                                                                                                                             
TX	4830	922800412	33054518	     356.295	      12.762	 32.658621	 -96.799009                                                                                                                             
TX	4831	5579739837	136858968	    2154.350	      52.842	 30.828818	 -97.535412                                                                                                                           
TX	4832	484477667	31846994	     187.058	      12.296	 32.920383	 -96.653636                                                                                                                             
TX	4833	548946740	16596618	     211.950	       6.408	 32.756444	 -97.106948                                                                                                                             
TX	4834	21214036817	3364200891	    8190.786	    1298.925	 26.773816	 -97.925366                                                                                                                         
TX	4835	1537931084	19704128	     593.799	       7.608	 29.915524	 -97.884094                                                                                                                            
TX	4836	18456308059	1241897437	    7126.021	     479.499	 30.429193	 -94.431490                                                                                                                         
UT	4901	50657308100	3222975991	   19558.897	    1244.398	 40.960477	-111.332728                                                                                                                         
UT	4902	103635047044	2945621622	   40013.717	    1137.311	 38.744947	-112.553127                                                                                                                        
UT	4903	51987441751	457415521	   20072.464	     176.609	 38.696764	-110.216402                                                                                                                          
UT	4904	6603627997	374198621	    2549.675	     144.479	 39.879317	-111.844453                                                                                                                           
VT	5000	23871896411	1034369068	    9216.991	     399.372	 44.060479	 -72.673327                                                                                                                         
VA	5101	9541887513	2192654908	    3684.144	     846.589	 37.845478	 -76.911613                                                                                                                          
VA	5102	2570812957	4674528822	     992.596	    1804.846	 37.407764	 -75.887529                                                                                                                          
VA	5103	2453443196	548399098	     947.280	     211.738	 37.213528	 -76.951135                                                                                                                           
VA	5104	11164022799	180159823	    4310.453	      69.560	 36.974562	 -77.306800                                                                                                                          
VA	5105	25978080042	391555410	   10030.193	     151.180	 37.332342	 -78.723558                                                                                                                          
VA	5106	15357958084	105219055	    5929.741	      40.625	 38.136543	 -79.199254                                                                                                                          
VA	5107	7190949586	170844104	    2776.441	      65.963	 37.968040	 -77.746530                                                                                                                           
VA	5108	386529765	28922048	     149.240	      11.167	 38.779558	 -77.139504                                                                                                                             
VA	5109	23606468042	154628944	    9114.509	      59.703	 37.000835	 -81.325055                                                                                                                          
VA	5110	3553619218	36024998	    1372.060	      13.909	 39.075898	 -77.856484                                                                                                                            
VA	5111	479572272	21671756	     185.164	       8.368	 38.791316	 -77.294291                                                                                                                             
WA	5301	16022160077	1095014528	    6186.191	     422.787	 48.367489	-121.657912                                                                                                                         
WA	5302	2629135038	2689466495	    1015.115	    1038.409	 48.372848	-122.625916                                                                                                                          
WA	5303	23605486477	1212123987	    9114.130	     468.004	 46.270751	-122.262160                                                                                                                         
WA	5304	49858090736	807542064	   19250.317	     311.794	 47.294627	-119.707178                                                                                                                          
WA	5305	40075215712	598833864	   15473.128	     231.211	 47.573205	-117.867549                                                                                                                          
WA	5306	17878843485	5089883096	    6903.060	    1965.215	 47.638847	-123.550926                                                                                                                         
WA	5307	373031843	340666726	     144.028	     131.532	 47.578426	-122.391357                                                                                                                            
WA	5308	19062256942	368742697	    7359.979	     142.372	 47.362367	-121.039403                                                                                                                          
WA	5309	475324801	104705576	     183.524	      40.427	 47.457122	-122.261289                                                                                                                            
WA	5310	2141250157	233336714	     826.741	      90.092	 47.041722	-122.755815                                                                                                                           
WV	5401	16254255115	176459115	    6275.803	      68.131	 39.381986	 -80.268497                                                                                                                          
WV	5402	20771473933	121060089	    8019.911	      46.742	 38.838754	 -80.173761                                                                                                                          
WV	5403	25240852556	191923816	    9745.548	      74.102	 37.991169	 -81.218273                                                                                                                          
WI	5501	4475249227	2524254382	    1727.903	     974.620	 42.695215	 -88.046395                                                                                                                          
WI	5502	11750219429	189206417	    4536.785	      73.053	 42.984295	 -89.750866                                                                                                                          
WI	5503	28779770090	827043488	   11111.932	     319.323	 44.056297	 -90.891748                                                                                                                          
WI	5504	332475013	2454571420	     128.369	     947.715	 42.908416	 -87.843380                                                                                                                           
WI	5505	4897397479	165120424	    1890.896	      63.753	 43.199589	 -88.531462                                                                                                                           
WI	5506	12739209882	7318115985	    4918.637	    2825.540	 43.779244	 -88.274423                                                                                                                         
WI	5507	59666398569	7706018491	   23037.326	    2975.310	 45.698997	 -90.655335                                                                                                                         
WI	5508	17628775794	8181099655	    6806.509	    3158.740	 44.831256	 -87.936811                                                                                                                         
WY	5600	251471960305	1862600347	   97093.871	     719.154	 42.991802	-107.541925                                                                                                                        
PR	7298	8867837128	4923436762	    3423.891	    1900.950	 18.217648	 -66.410799                                                                                                                          
