USPS	GEOID	ALAND	AWATER	ALAND_SQMI	AWATER_SQMI	INTPTLAT	INTPTLONG                                                                                                                             
AL	0101	15713378154	2275494808	6066.969	878.573	31.001891	-87.788121                                                                                                                                    
AL	0102	26270004118	303481339	10142.906	117.175	31.702085	-86.076842                                                                                                                                    
AL	0103	19537635148	471179602	7543.523	181.923	33.150564	-85.700228                                                                                                                                     
AL	0104	23021992971	573809025	8888.842	221.549	34.11818	-87.213808                                                                                                                                      
AL	0105	9526056834	459390826	3678.031	177.372	34.755297	-86.711804                                                                                                                                      
AL	0106	10803510557	176736564	4171.259	68.238	33.260212	-86.71343                                                                                                                                       
AL	0107	26301614502	333091170	10155.111	128.607	32.449235	-87.640501                                                                                                                                    
AK	0200	1478927050067	245394222619	571016.951	94747.243	63.347356	-152.839733                                                                                                                           
AZ	0401	142540141157	360566979	55035.059	139.216	34.971013	-110.725925                                                                                                                                  
AZ	0402	20415842726	18979260	7882.601	7.328	31.916618	-109.938728                                                                                                                                       
AZ	0403	40630051371	8324520	15687.351	3.214	32.422322	-112.401298                                                                                                                                       
AZ	0404	86039692910	450397983	33220.113	173.9	34.590918	-113.204528                                                                                                                                     
AZ	0405	760233105	2269816	293.528	0.876	33.337434	-111.714412                                                                                                                                           
AZ	0406	1618691196	10995625	624.98	4.245	33.665518	-111.888589                                                                                                                                          
AZ	0407	530113394	1646049	204.678	0.636	33.427819	-112.118768                                                                                                                                           
AZ	0408	1398795098	3402549	540.078	1.314	33.693039	-112.299866                                                                                                                                          
AZ	0409	426721661	2978423	164.758	1.15	33.406007	-111.949996                                                                                                                                            
AR	0501	50037807463	1233521823	19319.706	476.265	35.293909	-91.258306                                                                                                                                   
AR	0502	12894578154	302508778	4978.625	116.799	35.09956	-92.379157                                                                                                                                      
AR	0503	13988685028	370628170	5401.062	143.1	36.500504	-94.617768                                                                                                                                       
AR	0504	57855509435	1049737151	22338.138	405.306	34.2242	-93.221113                                                                                                                                     
CA	0601	72831158749	1863702699	28120.269	719.58	40.731988	-121.510516                                                                                                                                   
CA	0602	33545812583	4122937765	12952.111	1591.875	40.094059	-123.464974                                                                                                                                 
CA	0603	16016910790	456168272	6184.164	176.128	39.031952	-122.089573                                                                                                                                    
CA	0604	33247031806	858376850	12836.751	331.421	37.982452	-119.927973                                                                                                                                   
CA	0605	4482506480	319204470	1730.706	123.246	38.515718	-122.462466                                                                                                                                     
CA	0606	453245688	10900449	174.999	4.209	38.594033	-121.479768                                                                                                                                          
CA	0607	1421706462	13405566	548.924	5.176	38.479477	-121.215371                                                                                                                                         
CA	0608	85193252032	383840625	32893.3	148.202	35.662557	-116.819546                                                                                                                                     
CA	0609	3239874066	140752655	1250.922	54.345	38.010406	-121.306562                                                                                                                                      
CA	0610	4714492490	54132134	1820.276	20.901	37.586323	-121.054426                                                                                                                                       
CA	0611	1268368584	101769282	489.72	39.293	37.903869	-122.000933                                                                                                                                        
CA	0612	100987637	211559486	38.992	81.684	37.785514	-122.434                                                                                                                                            
CA	0613	250713048	127151510	96.801	49.093	37.778962	-122.239248                                                                                                                                         
CA	0614	672679659	827168708	259.723	319.372	37.574795	-122.493629                                                                                                                                       
CA	0615	1549132287	73625610	598.123	28.427	37.657148	-121.836245                                                                                                                                        
CA	0616	7356057771	117043674	2840.19	45.191	37.108653	-120.518867                                                                                                                                       
CA	0617	480162450	21997281	185.392	8.493	37.441028	-121.966578                                                                                                                                          
CA	0618	1802712142	329994536	696.031	127.412	37.202203	-122.153806                                                                                                                                      
CA	0619	2372153935	15278132	915.894	5.899	37.216236	-121.529023                                                                                                                                         
CA	0620	12626742694	1572306836	4875.213	607.071	36.373286	-121.275218                                                                                                                                   
CA	0621	17432244386	33795770	6730.627	13.049	36.086714	-119.8515                                                                                                                                        
CA	0622	3018253436	9637100	1165.354	3.721	36.476878	-119.389542                                                                                                                                         
CA	0623	25636966639	99630662	9898.489	38.468	35.610684	-118.539057                                                                                                                                      
CA	0624	17832224852	3684335356	6885.061	1422.53	34.919633	-120.112845                                                                                                                                   
CA	0625	4378881284	30761909	1690.696	11.877	34.588062	-118.280264                                                                                                                                       
CA	0626	2431553796	807882410	938.828	311.925	34.167023	-119.129955                                                                                                                                      
CA	0627	1812571329	7548567	699.838	2.915	34.265083	-117.934887                                                                                                                                          
CA	0628	565796615	2403435	218.455	0.928	34.250058	-118.291452                                                                                                                                           
CA	0629	238963417	1012710	92.264	0.391	34.266695	-118.430313                                                                                                                                            
CA	0630	352104846	5012026	135.948	1.935	34.201899	-118.546954                                                                                                                                           
CA	0631	568579586	3228195	219.53	1.246	34.109642	-117.353314                                                                                                                                            
CA	0632	321858652	5293420	124.27	2.044	34.089564	-117.914142                                                                                                                                            
CA	0633	747596042	489466316	288.648	188.984	34.046539	-118.944307                                                                                                                                       
CA	0634	123456586	783650	47.667	0.303	34.074655	-118.228269                                                                                                                                             
CA	0635	437321807	356550	168.851	0.138	34.044749	-117.583463                                                                                                                                            
CA	0636	15319089806	195498466	5914.734	75.482	33.729954	-115.739513                                                                                                                                     
CA	0637	143134943	351790	55.265	0.136	34.016897	-118.371764                                                                                                                                             
CA	0638	262655897	3822986	101.412	1.476	33.939479	-118.062604                                                                                                                                           
CA	0639	531477395	1083347	205.205	0.418	33.938649	-117.825836                                                                                                                                           
CA	0640	149408213	1743224	57.687	0.673	33.969867	-118.179207                                                                                                                                            
CA	0641	820266153	4204600	316.707	1.623	33.918075	-117.29742                                                                                                                                            
CA	0642	2424717988	44127176	936.189	17.038	33.679953	-117.227523                                                                                                                                        
CA	0643	186694742	442001	72.083	0.171	33.90311	-118.336303                                                                                                                                              
CA	0644	205631150	66788168	79.395	25.787	33.81875	-118.250983                                                                                                                                           
CA	0645	856174543	5084532	330.571	1.963	33.707881	-117.673869                                                                                                                                           
CA	0646	187083592	995827	72.233	0.384	33.790804	-117.896363                                                                                                                                             
CA	0647	560129280	1176357962	216.267	454.194	33.367336	-118.480709                                                                                                                                      
CA	0648	377998967	281882161	145.946	108.835	33.62291	-117.905275                                                                                                                                        
CA	0649	1433525621	511352925	553.487	197.434	33.314649	-117.379564                                                                                                                                      
CA	0650	7224949155	38048048	2789.569	14.69	33.113623	-116.622253                                                                                                                                        
CA	0651	12408817682	869493032	4791.071	335.713	32.995575	-115.525534                                                                                                                                    
CA	0652	691875913	296443549	267.135	114.457	32.857197	-117.165327                                                                                                                                       
CA	0653	352382816	5270130	136.056	2.035	32.717992	-117.0315                                                                                                                                             
CO	0801	491640932	7086985	189.824	2.736	39.732286	-104.908758                                                                                                                                           
CO	0802	19523706164	236538137	7538.145	91.328	40.137084	-105.709084                                                                                                                                     
CO	0803	128800672993	388811026	49730.22	150.121	38.743254	-107.344849                                                                                                                                   
CO	0804	98681026732	441672684	38100.959	170.531	39.070683	-103.413853                                                                                                                                   
CO	0805	18818306591	61225968	7265.789	23.639	38.815408	-105.344151                                                                                                                                      
CO	0806	1227758395	22008004	474.04	8.497	39.755088	-104.765351                                                                                                                                          
CO	0807	876763564	27294996	338.52	10.539	39.826671	-105.040854                                                                                                                                          
CT	0901	1749312781	51291912	675.413	19.804	41.790152	-73.20118                                                                                                                                          
CT	0902	5149364500	297597389	1988.181	114.903	41.653687	-72.206509                                                                                                                                      
CT	0903	1218076838	68691633	470.302	26.522	41.385689	-72.877302                                                                                                                                         
CT	0904	1193649796	214313050	460.871	82.747	41.196801	-73.388514                                                                                                                                        
CT	0905	3232093466	88062574	1247.918	34.001	41.694323	-73.209998                                                                                                                                        
CT	09ZZ	0	1095660735	0.	423.037	41.166607	-72.842465                                                                                                                                                    
DE	1000	5046620081	1399291164	1948.511	540.269	38.998566	-75.441644                                                                                                                                     
DC	1198	158340389	18687196	61.136	7.215	38.904247	-77.016517                                                                                                                                            
FL	1201	10405803763	1919396485	4017.703	741.083	30.662801	-86.662466                                                                                                                                    
FL	1202	28501079193	4835600167	11004.329	1867.036	30.075257	-84.179287                                                                                                                                  
FL	1203	9233457421	722099577	3565.058	278.804	29.680803	-82.04786                                                                                                                                       
FL	1204	4065019132	1017824261	1569.513	392.984	30.676438	-82.05057                                                                                                                                      
FL	1205	9888477664	239891511	3817.963	92.623	30.448117	-83.324429                                                                                                                                       
FL	1206	5627015395	1318882814	2172.603	509.224	29.193038	-81.279601                                                                                                                                     
FL	1207	1016927292	111466071	392.638	43.037	28.687037	-81.244723                                                                                                                                        
FL	1208	4535929483	1711135286	1751.332	660.673	28.164649	-80.698906                                                                                                                                     
FL	1209	5988154124	798059634	2312.039	308.133	28.035342	-81.290617                                                                                                                                      
FL	1210	1128222927	207847210	435.609	80.25	28.543829	-81.512865                                                                                                                                         
FL	1211	6236485698	1243074526	2407.921	479.954	28.78694	-82.216916                                                                                                                                      
FL	1212	2222909815	545969608	858.27	210.8	28.26871	-82.491809                                                                                                                                           
FL	1213	470746508	640148254	181.756	247.163	27.825916	-82.726442                                                                                                                                        
FL	1214	714715461	233913418	275.953	90.314	28.013531	-82.486438                                                                                                                                         
FL	1215	2816695057	214236290	1087.532	82.717	28.196973	-81.980449                                                                                                                                       
FL	1216	3355443058	953119933	1295.544	368.002	27.533117	-82.358149                                                                                                                                      
FL	1217	14436745250	1919273121	5574.059	741.036	27.232739	-81.551539                                                                                                                                    
FL	1218	3910504517	982735545	1509.854	379.436	27.137537	-80.381641                                                                                                                                      
FL	1219	1935709555	1604838587	747.382	619.632	26.431625	-81.906768                                                                                                                                      
FL	1220	5592611495	639296032	2159.319	246.834	26.446199	-80.587196                                                                                                                                      
FL	1221	663121758	250616592	256.033	96.764	26.562631	-80.126245                                                                                                                                         
FL	1222	424108388	254086785	163.749	98.103	26.269063	-80.126185                                                                                                                                         
FL	1223	483807884	185487530	186.799	71.617	26.042133	-80.240926                                                                                                                                         
FL	1224	265292337	33056037	102.43	12.763	25.908466	-80.210911                                                                                                                                           
FL	1225	9077459676	447055139	3504.827	172.609	26.204284	-81.202959                                                                                                                                      
FL	1226	5657617234	7736347800	2184.418	2987.021	25.170743	-81.095269                                                                                                                                    
FL	1227	293304632	597414640	113.246	230.663	25.691263	-80.250152                                                                                                                                        
GA	1301	21048330938	2075171721	8126.806	801.228	31.317438	-81.942545                                                                                                                                    
GA	1302	24942682300	438813356	9630.424	169.427	31.816237	-84.419031                                                                                                                                     
GA	1303	9935820051	215139908	3836.242	83.066	33.150522	-84.728664                                                                                                                                       
GA	1304	1287691557	21519349	497.181	8.309	33.697638	-84.051433                                                                                                                                          
GA	1305	686291369	4997727	264.979	1.93	33.706985	-84.401119                                                                                                                                             
GA	1306	774261324	13966598	298.944	5.393	34.013049	-84.345662                                                                                                                                           
GA	1307	1017299348	25161514	392.781	9.715	34.040192	-84.082959                                                                                                                                          
GA	1308	22633281169	298079800	8738.759	115.089	31.779807	-83.451511                                                                                                                                     
GA	1309	13499243631	410491432	5212.087	158.492	34.506113	-83.68705                                                                                                                                      
GA	1310	18385076174	458973025	7098.518	177.21	33.424206	-83.062309                                                                                                                                      
GA	1311	2771572032	70536318	1070.11	27.234	34.180432	-84.651494                                                                                                                                         
GA	1312	21267319156	310055278	8211.358	119.713	32.413331	-82.223842                                                                                                                                     
GA	1313	1850057340	25701104	714.311	9.923	33.629101	-84.566453                                                                                                                                          
GA	1314	9385677841	51773166	3623.831	19.99	34.430586	-85.097876                                                                                                                                         
HI	1501	541361032	456757899	209.021	176.355	21.32264	-157.905954                                                                                                                                        
HI	1502	16092645404	11321034912	6213.405	4371.076	19.694163	-156.044344                                                                                                                                 
ID	1601	102098354895	1310319801	39420.397	505.917	45.29675	-116.035842                                                                                                                                  
ID	1602	111951542964	1081284437	43224.734	417.486	43.443926	-113.364262                                                                                                                                 
IL	1701	669183735	2067924	258.373	0.798	41.546671	-87.835747                                                                                                                                            
IL	1702	2798807164	25390169	1080.626	9.803	41.256208	-87.790115                                                                                                                                         
IL	1703	613452780	13421280	236.855	5.182	41.678977	-87.891975                                                                                                                                           
IL	1704	135805316	966145	52.435	0.373	41.886297	-87.920561                                                                                                                                              
IL	1705	247584984	1853098	95.593	0.715	41.930366	-87.830902                                                                                                                                             
IL	1706	980907838	27788833	378.731	10.729	42.067118	-88.404435                                                                                                                                          
IL	1707	161457191	5341167	62.339	2.062	41.863332	-87.732122                                                                                                                                             
IL	1708	532643989	10392647	205.655	4.013	42.009371	-88.096725                                                                                                                                           
IL	1709	272988826	1558240	105.402	0.602	42.052684	-87.810185                                                                                                                                            
IL	1710	777275115	31723330	300.108	12.248	42.280015	-87.939942                                                                                                                                          
IL	1711	725952345	16209000	280.292	6.258	41.642252	-88.147417                                                                                                                                           
IL	1712	12970617479	463783013	5007.984	179.068	37.993307	-89.427891                                                                                                                                     
IL	1713	15005057539	216201401	5793.485	83.476	39.515635	-89.519842                                                                                                                                      
IL	1714	4136545366	63332390	1597.129	24.453	42.025547	-88.445853                                                                                                                                        
IL	1715	38063032303	352505889	14696.22	136.103	38.905169	-88.442079                                                                                                                                     
IL	1716	20503756312	183231250	7916.545	70.746	41.391523	-88.799197                                                                                                                                      
IL	1717	17949270510	346674888	6930.252	133.852	41.389467	-90.218653                                                                                                                                     
IL	1718	27235524103	383092991	10515.695	147.913	40.227184	-90.069118                                                                                                                                    
IL	17ZZ	922	4070190241	0.	1571.509	41.773669	-87.56635                                                                                                                                                  
IN	1801	2996010997	625507064	1156.766	241.51	41.497034	-87.179817                                                                                                                                       
IN	1802	10253241131	131677087	3958.799	50.841	41.248724	-86.236798                                                                                                                                      
IN	1803	10826525857	135554187	4180.145	52.338	41.096795	-85.236277                                                                                                                                      
IN	1804	16451050474	69907637	6351.786	26.991	40.381088	-86.859412                                                                                                                                       
IN	1805	4985537294	40543690	1924.927	15.654	40.248632	-85.869599                                                                                                                                        
IN	1806	16075790260	106476950	6206.898	41.111	39.475219	-85.376338                                                                                                                                      
IN	1807	787477549	4515844	304.047	1.744	39.746873	-86.139006                                                                                                                                            
IN	1808	18792346229	278467692	7255.766	107.517	38.733017	-87.199347                                                                                                                                     
IN	1809	11622068407	144602501	4487.306	55.831	38.782938	-86.212246                                                                                                                                      
IA	1901	31206123745	228880454	12048.752	88.371	42.527337	-91.89628                                                                                                                                      
IA	1902	31755574908	434113652	12260.897	167.612	41.208515	-92.149188                                                                                                                                    
IA	1903	22761211828	156780209	8788.153	60.533	41.209543	-94.640381                                                                                                                                      
IA	1904	58937556756	265207311	22755.919	102.397	42.628638	-94.645098                                                                                                                                    
KS	2001	136083297567	595071178	52542.057	229.758	38.731595	-99.408037                                                                                                                                   
KS	2002	36633489462	527669617	14144.27	203.734	38.482278	-95.42464                                                                                                                                      
KS	2003	1961871514	32773681	757.483	12.654	38.895004	-94.790643                                                                                                                                         
KS	2004	37074816237	190496125	14314.667	73.551	37.554465	-97.743983                                                                                                                                     
KY	2101	31298602443	1219049548	12084.458	470.678	37.084603	-87.184938                                                                                                                                   
KY	2102	18601846641	388765447	7182.213	150.103	37.544621	-85.99049                                                                                                                                      
KY	2103	827882957	40884847	319.647	15.786	38.189414	-85.697444                                                                                                                                          
KY	2104	11327994157	296524621	4373.763	114.489	38.568973	-84.437006                                                                                                                                     
KY	2105	29096040929	312368356	11234.045	120.606	37.368828	-83.521898                                                                                                                                    
KY	2106	11129850932	115018186	4297.26	44.409	38.053447	-84.154778                                                                                                                                       
LA	2201	10433642498	14401597857	4028.452	5560.488	29.636492	-89.905361                                                                                                                                  
LA	2202	3288420701	519063838	1269.666	200.412	30.046744	-90.568499                                                                                                                                      
LA	2203	18087682910	5595129733	6983.694	2160.292	29.927022	-92.436419                                                                                                                                   
LA	2204	32211358513	1105644829	12436.876	426.892	31.792047	-93.179606                                                                                                                                   
LA	2205	37430201226	1118186832	14451.882	431.734	31.766446	-91.823524                                                                                                                                   
LA	2206	10447800534	1012378794	4033.919	390.882	30.295781	-91.008526                                                                                                                                    
ME	2301	8512818581	4732822533	3286.818	1827.353	43.846054	-69.91525                                                                                                                                     
ME	2302	71374840459	7012895206	27557.981	2707.694	45.510001	-69.08531                                                                                                                                   
MD	2401	10301409728	4035401322	3977.397	1558.077	38.768471	-75.958886                                                                                                                                   
MD	2402	902971414	440362631	348.639	170.025	39.339519	-76.428702                                                                                                                                        
MD	2403	788658616	252326672	304.503	97.424	39.157151	-76.676692                                                                                                                                         
MD	2404	771330763	48177259	297.812	18.601	38.756093	-77.026024                                                                                                                                          
MD	2405	3840152034	2066391600	1482.691	797.838	38.471817	-76.712036                                                                                                                                     
MD	2406	5056410710	97922853	1952.291	37.808	39.288127	-79.482031                                                                                                                                        
MD	2407	1264523574	14716254	488.235	5.682	39.340766	-77.185884                                                                                                                                          
MD	2408	2226269457	24042379	859.567	9.283	39.422295	-77.242003                                                                                                                                          
MA	2501	6086794466	129701113	2350.125	50.078	42.331044	-72.864178                                                                                                                                       
MA	2502	4216400956	221851672	1627.962	85.657	42.385042	-72.118691                                                                                                                                       
MA	2503	1962251268	76151983	757.629	29.402	42.589515	-71.572828                                                                                                                                         
MA	2504	1730870174	86286184	668.293	33.315	41.997215	-71.227536                                                                                                                                         
MA	2505	686685331	58439379	265.131	22.564	42.355366	-71.29844                                                                                                                                           
MA	2506	1364533950	864078044	526.85	333.622	42.617112	-70.885391                                                                                                                                        
MA	2507	162430629	97438582	62.715	37.621	42.316688	-71.009442                                                                                                                                           
MA	2508	844332119	448483019	325.998	173.16	42.194734	-70.944005                                                                                                                                         
MA	2509	3150088935	5148233043	1216.256	1987.744	41.69036	-70.494314                                                                                                                                     
MI	2601	64824683734	75782088320	25028.951	29259.629	46.157305	-86.436912                                                                                                                                
MI	2602	8644829305	7324981405	3337.787	2828.191	43.397541	-86.318863                                                                                                                                    
MI	2603	6813672360	174601744	2630.774	67.414	42.720027	-85.237276                                                                                                                                       
MI	2604	21907892325	519365192	8458.685	200.528	43.731553	-84.750399                                                                                                                                     
MI	2605	6083502244	4835444214	2348.853	1866.976	43.574446	-84.162876                                                                                                                                    
MI	2606	9188105507	4066026146	3547.548	1569.902	42.164052	-86.156052                                                                                                                                    
MI	2607	10950796174	526075745	4228.126	203.119	42.093608	-84.304955                                                                                                                                     
MI	2608	3892935074	99755492	1503.071	38.516	42.647773	-83.945354                                                                                                                                        
MI	2609	475525945	13483999	183.602	5.206	42.52966	-83.054722                                                                                                                                            
MI	2610	10738884603	5428998229	4146.307	2096.148	43.455904	-82.882407                                                                                                                                   
MI	2611	1085352836	56065050	419.057	21.647	42.530002	-83.453996                                                                                                                                         
MI	2612	1043413067	72513834	402.864	27.998	42.205381	-83.447043                                                                                                                                         
MI	2613	478918318	5374636	184.911	2.075	42.351375	-83.430053                                                                                                                                            
MI	2614	480178373	98098354	185.398	37.876	42.561252	-83.438725                                                                                                                                          
MI	26ZZ	0	4875244623	0.	1882.343	42.498499	-82.871962                                                                                                                                                   
MN	2701	31013540334	540581449	11974.395	208.72	43.898939	-93.711742                                                                                                                                     
MN	2702	6314304732	241279430	2437.967	93.159	44.478968	-92.853042                                                                                                                                       
MN	2703	1365427937	144398533	527.195	55.753	44.99588	-93.52862                                                                                                                                          
MN	2704	861384946	84487026	332.583	32.621	45.002713	-92.977366                                                                                                                                          
MN	2705	351527744	16574045	135.726	6.399	44.980962	-93.294145                                                                                                                                           
MN	2706	7460443329	408726474	2880.493	157.81	45.336807	-93.852055                                                                                                                                       
MN	2707	86581301397	5058057072	33429.229	1952.927	46.55302	-95.675905                                                                                                                                   
MN	2708	72282135057	12448157466	27908.29	4806.261	47.250337	-92.96387                                                                                                                                   
MS	2801	27384681324	408112458	10573.285	157.573	34.197518	-89.003512                                                                                                                                    
MS	2802	40283649558	955680252	15553.605	368.99	33.178215	-90.351401                                                                                                                                     
MS	2803	33034109746	341716865	12754.542	131.938	32.01493	-89.740589                                                                                                                                     
MS	2804	20834144359	2218354350	8044.108	856.511	30.994186	-89.090334                                                                                                                                    
MO	2901	582560979	28014836	224.928	10.817	38.728386	-90.296228                                                                                                                                          
MO	2902	1206272201	37520647	465.744	14.487	38.60297	-90.532337                                                                                                                                          
MO	2903	17745456997	368145700	6851.56	142.142	38.578171	-91.563185                                                                                                                                      
MO	2904	37311856293	744405257	14406.189	287.416	38.282425	-93.318995                                                                                                                                    
MO	2905	6281468650	89866498	2425.289	34.698	39.141444	-93.783898                                                                                                                                        
MO	2906	47132993652	528103742	18198.151	203.902	39.948014	-93.293542                                                                                                                                    
MO	2907	16245797079	248472774	6272.538	95.936	36.991061	-93.706352                                                                                                                                      
MO	2908	51543505424	444720945	19901.06	171.708	37.194128	-90.934515                                                                                                                                     
MT	3000	376966832749	3869031338	145547.714	1493.841	47.051177	-109.634817                                                                                                                               
NE	3101	22993359168	252498950	8877.786	97.49	41.374459	-96.828662                                                                                                                                       
NE	3102	1312946847	50712417	506.932	19.58	41.228622	-96.160905                                                                                                                                          
NE	3103	174647495338	1071474935	67431.778	413.699	41.539473	-100.222969                                                                                                                                 
NV	3201	270624209	16683	104.489	0.006	36.133543	-115.151542                                                                                                                                             
NV	3202	144773773051	1139578582	55897.469	439.994	40.651151	-117.329684                                                                                                                                 
NV	3203	7378695697	102795588	2848.93	39.69	35.663194	-115.153967                                                                                                                                        
NV	3204	132113956907	597271976	51009.486	230.608	38.085647	-116.026496                                                                                                                                  
NH	3301	6384281919	625324753	2464.985	241.439	43.46473	-71.200177                                                                                                                                       
NH	3302	16804916336	401578681	6488.415	155.05	43.764178	-71.721399                                                                                                                                      
NJ	3401	907076516	51187135	350.224	19.763	39.791975	-75.055921                                                                                                                                          
NJ	3402	5423880900	2034670430	2094.172	785.591	39.3933	-74.907257                                                                                                                                       
NJ	3403	2326658516	618380032	898.328	238.758	39.898974	-74.476343                                                                                                                                       
NJ	3404	1789703147	49672511	691.008	19.179	40.165668	-74.315445                                                                                                                                         
NJ	3405	2568437519	83657387	991.679	32.3	40.973821	-75.134211                                                                                                                                           
NJ	3406	557574945	503796125	215.281	194.517	40.346567	-74.215084                                                                                                                                        
NJ	3407	2512237117	47005150	969.98	18.149	40.631748	-74.789504                                                                                                                                          
NJ	3408	141503895	38074102	54.635	14.7	40.723927	-74.106496                                                                                                                                             
NJ	3409	246870949	19480622	95.317	7.522	40.860782	-74.073824                                                                                                                                            
NJ	3410	196397282	12474852	75.829	4.817	40.708964	-74.209045                                                                                                                                            
NJ	3411	1311117842	66943748	506.225	25.847	40.902019	-74.450539                                                                                                                                         
NJ	3412	1067390213	18495263	412.122	7.141	40.374216	-74.574057                                                                                                                                          
NM	3501	11916427486	16512286	4600.959	6.375	34.770634	-106.05175                                                                                                                                        
NM	3502	185820957306	408672970	71745.876	157.79	33.385261	-106.299442                                                                                                                                   
NM	3503	116459869207	302596186	44965.409	116.833	36.009852	-105.831857                                                                                                                                  
NY	3601	1684086423	3359353299	650.229	1297.054	40.983872	-72.549515                                                                                                                                     
NY	3602	470132854	375300699	181.519	144.904	40.685161	-73.294978                                                                                                                                        
NY	3603	660357050	301825023	254.965	116.535	40.860496	-73.505379                                                                                                                                        
NY	3604	286781463	168673432	110.727	65.125	40.636948	-73.60591                                                                                                                                          
NY	3605	134560562	184506173	51.954	71.238	40.596562	-73.827212                                                                                                                                          
NY	3606	77166980	711425	29.794	0.275	40.734862	-73.823455                                                                                                                                               
NY	3607	41801528	2679594	16.14	1.035	40.644183	-74.02596                                                                                                                                                
NY	3608	73598420	48115635	28.417	18.578	40.621438	-73.911077                                                                                                                                            
NY	3609	40269799	499820	15.548	0.193	40.642184	-73.947201                                                                                                                                               
NY	3610	36391144	23217081	14.051	8.964	40.703207	-74.006342                                                                                                                                             
NY	3611	168163849	128594927	64.928	49.651	40.566974	-74.126314                                                                                                                                          
NY	3612	38311788	7282926	14.792	2.812	40.751026	-73.95042                                                                                                                                               
NY	3613	26316820	7203018	10.161	2.781	40.838862	-73.932982                                                                                                                                              
NY	3614	73748264	39238582	28.474	15.15	40.809782	-73.837004                                                                                                                                             
NY	3615	37598153	6263939	14.517	2.419	40.824031	-73.891163                                                                                                                                              
NY	3616	202964846	76413628	78.365	29.503	40.939735	-73.791088                                                                                                                                           
NY	3617	990830351	149796493	382.562	57.837	41.159532	-73.919355                                                                                                                                         
NY	3618	3507145579	160299471	1354.117	61.892	41.411657	-74.080981                                                                                                                                       
NY	3619	20556873459	430600661	7937.054	166.256	42.227811	-74.425633                                                                                                                                     
NY	3620	3189394223	81929044	1231.432	31.633	42.748882	-73.988366                                                                                                                                        
NY	3621	39145516758	3341381502	15114.169	1290.115	44.008384	-74.609231                                                                                                                                  
NY	3622	13150455532	386871444	5077.419	149.372	42.870694	-75.662664                                                                                                                                     
NY	3623	19092680707	1602425261	7371.726	618.7	42.344244	-77.845808                                                                                                                                      
NY	3624	6186364756	3271965600	2388.569	1263.313	43.210319	-76.648094                                                                                                                                    
NY	3625	1321083917	1832005880	510.073	707.341	43.323395	-77.715489                                                                                                                                      
NY	3626	567624808	35592440	219.161	13.742	42.961825	-78.840983                                                                                                                                          
NY	3627	10289780772	3223396662	3972.907	1244.56	43.00085	-78.316882                                                                                                                                     
NC	3701	15207169186	525789045	5871.521	203.008	36.146257	-77.522885                                                                                                                                     
NC	3702	6988482622	95861466	2698.268	37.012	35.761249	-78.406773                                                                                                                                        
NC	3703	18693100872	10737708103	7217.447	4145.852	35.446967	-76.605286                                                                                                                                  
NC	3704	1896952352	18061897	732.417	6.974	35.911176	-79.266126                                                                                                                                          
NC	3705	10280026978	80761993	3969.141	31.182	36.265333	-80.979774                                                                                                                                       
NC	3706	10128953224	209085191	3910.811	80.728	36.014538	-79.47224                                                                                                                                       
NC	3707	15397504604	1127267187	5945.01	435.24	34.642611	-78.211075                                                                                                                                      
NC	3708	7650565767	123178714	2953.9	47.56	35.295611	-79.780166                                                                                                                                          
NC	3709	10035479215	85819876	3874.72	33.135	34.853079	-79.5357                                                                                                                                          
NC	3710	6708740128	107417434	2590.259	41.474	35.439187	-81.62936                                                                                                                                        
NC	3711	17106219884	190962639	6604.749	73.731	35.521414	-82.810244                                                                                                                                      
NC	3712	1087744150	56114720	419.98	21.666	35.273741	-80.856007                                                                                                                                          
NC	3713	4744990651	105373269	1832.051	40.685	35.847707	-80.450929                                                                                                                                       
ND	3800	178695635183	4411365971	68994.773	1703.238	47.442174	-100.460826                                                                                                                                
OH	3901	1777874313	28010290	686.441	10.815	39.33602	-84.34685                                                                                                                                           
OH	3902	8343749608	77483368	3221.54	29.916	39.018868	-83.551946                                                                                                                                         
OH	3903	590729451	11279489	228.082	4.355	39.966207	-82.947495                                                                                                                                           
OH	3904	12082893481	122112191	4665.231	47.148	40.516984	-84.575476                                                                                                                                      
OH	3905	14571520278	73214620	5626.096	28.268	41.155751	-84.044789                                                                                                                                       
OH	3906	18685591152	202843633	7214.547	78.318	39.771409	-81.575039                                                                                                                                      
OH	3907	10010039751	64559736	3864.898	24.927	40.743275	-82.467001                                                                                                                                       
OH	3908	6343924882	42916601	2449.403	16.57	39.899575	-84.160831                                                                                                                                         
OH	3909	1199210646	4316059077	463.018	1666.44	41.403253	-82.548119                                                                                                                                      
OH	3910	2925820701	15875797	1129.666	6.13	39.701363	-83.958697                                                                                                                                          
OH	3911	633372594	1310816719	244.547	506.109	41.613795	-81.527719                                                                                                                                       
OH	3912	5884304558	76778186	2271.943	29.644	40.225585	-82.611658                                                                                                                                        
OH	3913	2315334106	70733471	893.956	27.31	41.14963	-80.978697                                                                                                                                           
OH	3914	5064255351	3730273889	1955.32	1440.267	41.751164	-81.019475                                                                                                                                     
OH	3915	12273330251	99862130	4738.76	38.557	39.57786	-82.756205                                                                                                                                         
OH	3916	3121750144	31217493	1205.315	12.053	40.982155	-81.740604                                                                                                                                        
OK	4001	4226169032	143410376	1631.733	55.371	36.211741	-95.789582                                                                                                                                       
OK	4002	54379997120	1949335204	20996.235	752.643	35.143303	-95.441772                                                                                                                                   
OK	4003	88361600597	814692774	34116.606	314.555	36.107069	-98.839765                                                                                                                                    
OK	4004	25323258525	408144497	9777.365	157.585	34.586592	-97.750131                                                                                                                                     
OK	4005	5371649875	59367267	2074.006	22.922	35.307879	-96.989604                                                                                                                                        
OR	4101	7786820583	771008339	3006.508	297.688	45.721199	-123.341271                                                                                                                                     
OR	4102	179860533566	1903963698	69444.543	735.125	43.837494	-119.59685                                                                                                                                  
OR	4103	2782873487	82265339	1074.474	31.763	45.389998	-122.19909                                                                                                                                        
OR	4104	44736329595	2228407655	17272.794	860.393	43.472003	-123.273132                                                                                                                                  
OR	4105	13441220283	1205957545	5189.684	465.623	45.028365	-123.195164                                                                                                                                   
PA	4201	1653633250	45205320	638.471	17.454	40.332054	-75.113419                                                                                                                                         
PA	4202	162573656	8417222	62.77	3.25	40.046424	-75.059677                                                                                                                                               
PA	4203	136668019	4711223	52.768	1.819	40.003233	-75.198174                                                                                                                                             
PA	4204	1235206085	11518756	476.916	4.447	40.2208	-75.393165                                                                                                                                            
PA	4205	548496174	26319354	211.776	10.162	39.920522	-75.375241                                                                                                                                          
PA	4206	2364205908	27813038	912.825	10.739	40.024003	-75.776297                                                                                                                                         
PA	4207	2219288548	29884543	856.872	11.538	40.725806	-75.426876                                                                                                                                         
PA	4208	6906752587	178341176	2666.712	68.858	41.364475	-75.404679                                                                                                                                       
PA	4209	8532829776	92951383	3294.544	35.889	40.778673	-76.160221                                                                                                                                        
PA	4210	2798069919	100101477	1080.341	38.649	40.262409	-76.857876                                                                                                                                       
PA	4211	3892674205	113212437	1502.97	43.712	39.970744	-76.398021                                                                                                                                        
PA	4212	25630047880	242772605	9895.817	93.735	41.343882	-77.055262                                                                                                                                      
PA	4213	15591713320	92493360	6019.994	35.712	40.103155	-78.262444                                                                                                                                       
PA	4214	7375795627	52405561	2847.811	20.234	40.076173	-79.924782                                                                                                                                        
PA	4215	25211499438	226874016	9734.215	87.597	41.210853	-78.910328                                                                                                                                      
PA	4216	8576472935	2084068926	3311.395	804.664	41.632638	-80.136568                                                                                                                                     
PA	4217	2286827691	41586511	882.949	16.057	40.608761	-80.187126                                                                                                                                         
PA	4218	757702389	19898046	292.551	7.683	40.3712	-79.898931                                                                                                                                             
RI	4401	695566507	628702974	268.56	242.744	41.630677	-71.328672                                                                                                                                         
RI	4402	1982220633	694960236	765.34	268.326	41.569601	-71.615514                                                                                                                                        
SC	4501	4013641064	2196485072	1549.676	848.068	32.714063	-80.160624                                                                                                                                     
SC	4502	7827746247	225134681	3022.31	86.925	33.633062	-81.379289                                                                                                                                        
SC	4503	13646499249	518562315	5268.943	200.218	34.363867	-82.338204                                                                                                                                     
SC	4504	3364639313	44718307	1299.095	17.266	34.941701	-82.170156                                                                                                                                        
SC	4505	14261134325	265287801	5506.255	102.428	34.530228	-81.010938                                                                                                                                     
SC	4506	20883177609	865005709	8063.04	333.981	33.208208	-80.523987                                                                                                                                      
SC	4507	13867821363	960680628	5354.396	370.921	34.083478	-79.498848                                                                                                                                     
SD	4600	196346195316	3383460688	75809.693	1306.362	44.446796	-100.238176                                                                                                                                
TN	4701	10731729391	203312234	4143.544	78.499	36.212501	-82.799917                                                                                                                                      
TN	4702	6013876190	278167275	2321.971	107.401	36.05036	-83.821188                                                                                                                                       
TN	4703	11837483241	371744912	4570.478	143.532	35.761646	-84.509444                                                                                                                                     
TN	4704	15500435963	242076041	5984.752	93.466	35.549528	-87.299929                                                                                                                                      
TN	4705	3232505576	72050551	1248.077	27.819	36.187331	-87.074025                                                                                                                                        
TN	4706	16771147960	323684588	6475.377	124.975	36.194771	-85.778434                                                                                                                                     
TN	4707	23727049927	415417487	9161.066	160.394	35.633389	-87.833342                                                                                                                                     
TN	4708	17738864966	386762004	6849.014	149.33	35.850861	-89.10183                                                                                                                                       
TN	4709	1252745964	53797227	483.688	20.771	35.167634	-89.978861                                                                                                                                         
TX	4801	20380734882	950692195	7869.046	367.064	31.951678	-94.552046                                                                                                                                     
TX	4802	800428848	54157977	309.047	20.911	29.848494	-95.645933                                                                                                                                          
TX	4803	1245494021	97914818	480.888	37.805	33.159213	-96.612695                                                                                                                                         
TX	4804	26239159877	1008882130	10130.997	389.532	33.298288	-95.418063                                                                                                                                   
TX	4805	13064768052	493844390	5044.335	190.674	32.225795	-95.731668                                                                                                                                     
TX	4806	5564860482	255479989	2148.605	98.641	32.235054	-96.665879                                                                                                                                       
TX	4807	419838370	3015207	162.101	1.164	29.87923	-95.778623                                                                                                                                             
TX	4808	15682151050	410652382	6054.913	158.554	30.833241	-95.543603                                                                                                                                     
TX	4809	429364838	5097938	165.779	1.968	29.64547	-95.494207                                                                                                                                             
TX	4810	13137159489	184114431	5072.286	71.087	29.976625	-96.592155                                                                                                                                      
TX	4811	72091232544	567338750	27834.582	219.051	31.732302	-100.063687                                                                                                                                   
TX	4812	3732459097	86146066	1441.111	33.261	32.821328	-97.664515                                                                                                                                        
TX	4813	99326443352	764702808	38350.156	295.253	34.837689	-100.597872                                                                                                                                   
TX	4814	6338876504	2537292451	2447.454	979.654	29.433717	-94.892695                                                                                                                                     
TX	4815	20212216641	154866193	7803.981	59.794	27.750011	-98.263411                                                                                                                                      
TX	4816	1841222218	3541448	710.9	1.367	31.904721	-106.296796                                                                                                                                            
TX	4817	19817007589	307435383	7651.39	118.701	31.153602	-96.665768                                                                                                                                      
TX	4818	609835915	3993381	235.459	1.542	29.856311	-95.56389                                                                                                                                             
TX	4819	66914398709	282392808	25835.795	109.032	33.24529	-101.209738                                                                                                                                    
TX	4820	517688721	1021922	199.881	0.395	29.474317	-98.622461                                                                                                                                            
TX	4821	15335355882	91621113	5921.014	35.375	30.05789	-98.975368                                                                                                                                        
TX	4822	2677181869	60626851	1033.666	23.408	29.510737	-95.677411                                                                                                                                        
TX	4823	150370509158	448892126	58058.381	173.318	30.38921	-102.326756                                                                                                                                   
TX	4824	680637123	23057547	262.795	8.903	32.919473	-97.012724                                                                                                                                           
TX	4825	19743117957	315330782	7622.861	121.75	31.500791	-97.815913                                                                                                                                      
TX	4826	2352252513	189088698	908.21	73.008	33.184615	-97.134173                                                                                                                                         
TX	4827	23622431107	4536940905	9120.672	1751.723	28.782994	-96.841407                                                                                                                                   
TX	4828	24291232348	299382244	9378.898	115.592	27.848634	-98.913612                                                                                                                                     
TX	4829	484667690	10182061	187.131	3.931	29.949101	-95.417041                                                                                                                                           
TX	4830	923654254	32184393	356.625	12.426	32.658621	-96.799009                                                                                                                                          
TX	4831	5580737952	135865204	2154.735	52.458	30.828818	-97.535412                                                                                                                                       
TX	4832	481897776	34267472	186.062	13.231	32.920383	-96.653636                                                                                                                                          
TX	4833	549095863	16595615	212.007	6.408	32.756444	-97.106948                                                                                                                                           
TX	4834	21215613579	3363829255	8191.395	1298.782	28.669037	-97.926008                                                                                                                                   
TX	4835	1538872199	18829551	594.162	7.27	29.915524	-97.884094                                                                                                                                           
TX	4836	18455612354	1242603938	7125.752	479.772	30.429193	-94.43149                                                                                                                                     
UT	4901	50652519423	3222020969	19557.048	1244.029	40.960515	-111.332671                                                                                                                                 
UT	4902	104107049800	2476477408	40195.958	956.173	38.744947	-112.553127                                                                                                                                 
UT	4903	51991917815	457421263	20074.193	176.611	38.696764	-110.216402                                                                                                                                   
UT	4904	6603648628	373990699	2549.683	144.399	39.879317	-111.844453                                                                                                                                     
VT	5000	23874197924	1030383955	9217.88	397.833	44.068577	-72.669184                                                                                                                                     
VA	5101	10908719539	1767243530	4211.88	682.337	37.88072	-76.976288                                                                                                                                      
VA	5102	2858707139	5175441093	1103.753	1998.249	37.393697	-75.935724                                                                                                                                    
VA	5103	1619149194	406691044	625.157	157.024	36.913755	-76.56948                                                                                                                                        
VA	5104	9433509480	296231628	3642.299	114.376	36.961749	-77.157718                                                                                                                                      
VA	5105	25979677462	391839685	10030.81	151.29	37.332342	-78.723558                                                                                                                                      
VA	5106	15355787300	104985175	5928.903	40.535	38.136543	-79.199254                                                                                                                                      
VA	5107	8075789757	144454537	3118.08	55.774	37.820184	-77.902408                                                                                                                                        
VA	5108	386932874	28983435	149.396	11.191	38.771325	-77.146742                                                                                                                                          
VA	5109	23608675277	153419119	9115.361	59.235	37.000863	-81.324995                                                                                                                                      
VA	5110	3552018805	37327379	1371.442	14.412	39.076162	-77.855958                                                                                                                                        
VA	5111	479339458	21326047	185.074	8.234	38.78906	-77.294622                                                                                                                                            
WA	5301	16019955676	1098293032	6185.34	424.053	48.367489	-121.657912                                                                                                                                    
WA	5302	2630188221	2683580147	1015.521	1036.136	48.375395	-122.5977                                                                                                                                     
WA	5303	23614804491	1216254338	9117.727	469.598	46.270915	-122.26225                                                                                                                                    
WA	5304	49848341429	807923758	19246.553	311.941	47.294627	-119.707178                                                                                                                                   
WA	5305	40076164660	598835622	15473.494	231.212	47.573205	-117.867549                                                                                                                                   
WA	5306	17876992964	5096293431	6902.346	1967.69	47.638858	-123.55094                                                                                                                                    
WA	5307	372908151	339704348	143.981	131.161	47.578426	-122.391357                                                                                                                                       
WA	5308	19060921511	369956145	7359.463	142.841	47.362385	-121.039385                                                                                                                                    
WA	5309	475542320	104394083	183.608	40.307	47.45873	-122.258471                                                                                                                                         
WA	5310	2142134844	234492540	827.083	90.538	47.041722	-122.755815                                                                                                                                       
WV	5401	16254914027	175293229	6276.058	67.681	39.381986	-80.268497                                                                                                                                      
WV	5402	20769677166	122840131	8019.218	47.429	38.838754	-80.173761                                                                                                                                      
WV	5403	25241640367	191137726	9745.852	73.799	37.991169	-81.218273                                                                                                                                      
WI	5501	4475387053	2523763709	1727.957	974.431	42.695239	-88.04635                                                                                                                                      
WI	5502	11750527138	189018651	4536.904	72.981	42.984295	-89.750866                                                                                                                                      
WI	5503	28793718283	815117639	11117.317	314.719	44.056297	-90.891748                                                                                                                                    
WI	5504	332613070	2454554578	128.423	947.709	42.904859	-87.842394                                                                                                                                       
WI	5505	4897726529	165436480	1891.023	63.875	43.199598	-88.531528                                                                                                                                       
WI	5506	12740753845	7315832291	4919.233	2824.659	43.779244	-88.274423                                                                                                                                   
WI	5507	59672572997	7699815168	23039.71	2972.915	45.698997	-90.655335                                                                                                                                   
WI	5508	17629721163	8180638445	6806.874	3158.562	44.831256	-87.936811                                                                                                                                   
WY	5600	251458578211	1867637632	97088.704	721.099	42.989659	-107.544392                                                                                                                                 
PR	7298	8868701898	4922576715	3424.225	1900.618	18.217648	-66.410799                                                                                                                                    
