USPS	GEOID	ALAND	AWATER	ALAND_SQMI	AWATER_SQMI	INTPTLAT	INTPTLONG                                                                                                                             
AL	0101	15713789479	2275081718	6067.128	878.414	31.001891	-87.788121                                                                                                                                    
AL	0102	26270284198	303027134	10143.014	116.999	31.702085	-86.076842                                                                                                                                    
AL	0103	19537544180	471442112	7543.488	182.025	33.150564	-85.700228                                                                                                                                     
AL	0104	23022177427	573043117	8888.913	221.253	34.11818	-87.213808                                                                                                                                      
AL	0105	9526354339	459163870	3678.146	177.284	34.755297	-86.711804                                                                                                                                      
AL	0106	10804486881	176314259	4171.636	68.075	33.260212	-86.71343                                                                                                                                       
AL	0107	26300824151	333842824	10154.805	128.897	32.449235	-87.640501                                                                                                                                    
AK	0200	1478941109938	245380162784	571022.379	94741.815	63.347356	-152.839733                                                                                                                           
AZ	0401	142537804057	360560111	55034.156	139.213	34.971013	-110.725925                                                                                                                                  
AZ	0402	20415845716	18975875	7882.602	7.327	31.916618	-109.938728                                                                                                                                       
AZ	0403	40631433746	8308199	15687.885	3.208	32.422322	-112.401298                                                                                                                                       
AZ	0404	86040211901	450816926	33220.313	174.061	34.590918	-113.204528                                                                                                                                   
AZ	0405	760297656	2222453	293.553	0.858	33.337434	-111.714412                                                                                                                                           
AZ	0406	1618993621	10693243	625.097	4.129	33.665518	-111.888589                                                                                                                                         
AZ	0407	530190969	1471911	204.708	0.568	33.427819	-112.118768                                                                                                                                           
AZ	0408	1398975656	3366693	540.148	1.3	33.693039	-112.299866                                                                                                                                            
AZ	0409	427237953	2437877	164.958	0.941	33.406007	-111.949996                                                                                                                                           
AR	0501	49936109150	1385764712	19280.44	535.047	35.293909	-91.258306                                                                                                                                    
AR	0502	12887838552	308511494	4976.022	119.117	35.09956	-92.379157                                                                                                                                      
AR	0503	13985796400	374570670	5399.946	144.623	36.138288	-94.062449                                                                                                                                     
AR	0504	57851106399	1053020463	22336.438	406.573	34.2242	-93.221113                                                                                                                                     
CA	0601	72832486891	1862374584	28120.782	719.067	40.731988	-121.510516                                                                                                                                  
CA	0602	33547163972	4121543412	12952.633	1591.337	40.094059	-123.464974                                                                                                                                 
CA	0603	16017918076	455618509	6184.553	175.915	39.031952	-122.089573                                                                                                                                    
CA	0604	33247235037	858183931	12836.83	331.347	37.982452	-119.927973                                                                                                                                    
CA	0605	4482242169	319134942	1730.603	123.219	38.515718	-122.462466                                                                                                                                     
CA	0606	453276455	10720781	175.011	4.139	38.594033	-121.479768                                                                                                                                          
CA	0607	1421621444	13505824	548.891	5.215	38.479477	-121.215371                                                                                                                                         
CA	0608	85192578291	384224083	32893.04	148.35	35.663147	-116.819796                                                                                                                                     
CA	0609	3239965354	140670622	1250.958	54.313	38.010406	-121.306562                                                                                                                                      
CA	0610	4714492677	54132138	1820.276	20.901	37.586323	-121.054426                                                                                                                                       
CA	0611	1268261958	101762202	489.679	39.291	37.903869	-122.000933                                                                                                                                       
CA	0612	100998610	211591694	38.996	81.696	37.785514	-122.434                                                                                                                                            
CA	0613	250701469	127070452	96.796	49.062	37.778962	-122.239248                                                                                                                                         
CA	0614	673063887	827178439	259.871	319.375	37.574978	-122.494352                                                                                                                                       
CA	0615	1549309488	73721922	598.192	28.464	37.643129	-121.835321                                                                                                                                        
CA	0616	7360934332	112169037	2842.073	43.309	37.108653	-120.518867                                                                                                                                      
CA	0617	480210527	21977820	185.41	8.486	37.441028	-121.966578                                                                                                                                           
CA	0618	1802223113	329968045	695.842	127.401	37.202203	-122.153806                                                                                                                                      
CA	0619	2372158274	15278128	915.895	5.899	37.223357	-121.525695                                                                                                                                         
CA	0620	12626762382	1572298761	4875.22	607.068	36.373286	-121.275218                                                                                                                                    
CA	0621	17431265688	33795774	6730.25	13.049	36.086714	-119.8515                                                                                                                                         
CA	0622	3018251254	9690476	1165.353	3.742	36.476928	-119.389571                                                                                                                                         
CA	0623	25644750032	99331375	9901.494	38.352	35.610684	-118.539057                                                                                                                                      
CA	0624	17825148853	3683946407	6882.329	1422.38	34.919633	-120.112845                                                                                                                                   
CA	0625	4378993226	30736205	1690.739	11.867	34.588065	-118.28027                                                                                                                                        
CA	0626	2431670449	807789047	938.873	311.889	34.167023	-119.129955                                                                                                                                      
CA	0627	1812769365	7530094	699.914	2.907	34.265083	-117.934887                                                                                                                                          
CA	0628	565802977	2402675	218.458	0.928	34.250058	-118.291452                                                                                                                                           
CA	0629	238963490	1012709	92.264	0.391	34.266695	-118.430313                                                                                                                                            
CA	0630	352055158	4978801	135.929	1.922	34.201899	-118.546954                                                                                                                                           
CA	0631	569384452	3200041	219.841	1.236	34.109642	-117.353314                                                                                                                                           
CA	0632	321805301	5259159	124.25	2.031	34.089564	-117.914142                                                                                                                                            
CA	0633	747643059	489466749	288.667	188.984	34.047026	-118.783155                                                                                                                                       
CA	0634	123480830	763932	47.676	0.295	34.074612	-118.228371                                                                                                                                             
CA	0635	437282253	356550	168.836	0.138	34.044749	-117.583463                                                                                                                                            
CA	0636	15319710996	194878006	5914.974	75.243	33.729954	-115.739513                                                                                                                                     
CA	0637	143130944	351885	55.263	0.136	34.016897	-118.371764                                                                                                                                             
CA	0638	262677141	3804835	101.42	1.469	33.939479	-118.062604                                                                                                                                            
CA	0639	531506247	1084910	205.216	0.419	33.938664	-117.825766                                                                                                                                           
CA	0640	149399674	1742635	57.684	0.673	33.969867	-118.179207                                                                                                                                            
CA	0641	820319145	4167164	316.727	1.609	33.918075	-117.29742                                                                                                                                            
CA	0642	2424753563	44105315	936.203	17.029	33.679949	-117.227525                                                                                                                                        
CA	0643	186695021	442003	72.083	0.171	33.90311	-118.336303                                                                                                                                              
CA	0644	207102703	65976773	79.963	25.474	33.81875	-118.250983                                                                                                                                           
CA	0645	856239802	5077956	330.596	1.961	33.706556	-117.671983                                                                                                                                           
CA	0646	187028152	995827	72.212	0.384	33.790804	-117.896363                                                                                                                                             
CA	0647	560135808	1171345128	216.27	452.259	33.367336	-118.480709                                                                                                                                       
CA	0648	378000849	286258721	145.947	110.525	33.622297	-117.910238                                                                                                                                       
CA	0649	1433558748	511315337	553.5	197.42	33.314647	-117.379565                                                                                                                                         
CA	0650	7225002257	37984914	2789.589	14.666	33.113623	-116.622253                                                                                                                                       
CA	0651	12408786752	869500460	4791.06	335.716	32.995575	-115.525534                                                                                                                                     
CA	0652	691894704	296446535	267.142	114.459	32.857195	-117.165327                                                                                                                                       
CA	0653	352382739	5270106	136.056	2.035	32.717992	-117.0315                                                                                                                                             
CO	0801	491059001	7105198	189.599	2.743	39.732286	-104.908758                                                                                                                                           
CO	0802	19523752699	236644236	7538.163	91.369	40.137084	-105.709084                                                                                                                                     
CO	0803	128799274506	390234363	49729.68	150.67	38.743254	-107.344849                                                                                                                                    
CO	0804	98681273637	441608726	38101.054	170.506	39.070683	-103.413853                                                                                                                                   
CO	0805	18818293364	61229377	7265.784	23.641	38.815414	-105.344165                                                                                                                                      
CO	0806	1226855916	21964850	473.692	8.481	39.755088	-104.765351                                                                                                                                         
CO	0807	878237841	26979650	339.09	10.417	39.827	-105.040443                                                                                                                                             
CT	0901	1749233162	51394337	675.383	19.843	41.928611	-73.017629                                                                                                                                         
CT	0902	5149167573	297797959	1988.105	114.98	41.653687	-72.206509                                                                                                                                       
CT	0903	1218397137	68664358	470.426	26.511	41.385685	-72.877302                                                                                                                                         
CT	0904	1193448624	214308365	460.793	82.745	41.196801	-73.388514                                                                                                                                        
CT	0905	3231442020	88600398	1247.667	34.209	41.694323	-73.209998                                                                                                                                        
CT	09ZZ	0	1095660734	0.	423.037	41.166607	-72.842465                                                                                                                                                    
DE	1000	5046731558	1399179670	1948.554	540.226	38.998566	-75.441644                                                                                                                                     
DC	1198	158316124	18709762	61.126	7.224	38.904247	-77.016517                                                                                                                                            
FL	1201	10407256217	3559638678	4018.264	1374.384	30.613546	-86.672897                                                                                                                                   
FL	1202	28500816318	9297236174	11004.227	3589.683	30.075257	-84.179287                                                                                                                                  
FL	1203	9234996248	720560678	3565.652	278.21	29.675577	-82.048764                                                                                                                                       
FL	1204	4065518788	1017600641	1569.706	392.898	30.548909	-81.839794                                                                                                                                     
FL	1205	9893701507	234396642	3819.98	90.501	30.448117	-83.324429                                                                                                                                        
FL	1206	5629808042	1315904454	2173.681	508.074	29.193038	-81.279601                                                                                                                                     
FL	1207	1017066148	111292777	392.691	42.97	28.687037	-81.244723                                                                                                                                         
FL	1208	4535998620	1711123070	1751.359	660.668	28.164649	-80.698906                                                                                                                                     
FL	1209	5988099587	797890631	2312.018	308.067	28.035342	-81.290617                                                                                                                                      
FL	1210	1128647885	208079609	435.773	80.34	28.543829	-81.512865                                                                                                                                         
FL	1211	6237484040	2054670305	2408.306	793.313	28.785915	-82.269694                                                                                                                                     
FL	1212	2223008708	1114119232	858.308	430.164	28.26381	-82.569869                                                                                                                                       
FL	1213	470558312	1109951619	181.684	428.555	27.829139	-82.78922                                                                                                                                        
FL	1214	714779490	233852375	275.978	90.291	28.013531	-82.486438                                                                                                                                         
FL	1215	2818043372	212909719	1088.053	82.205	28.196973	-81.980449                                                                                                                                       
FL	1216	3353214485	1593910179	1294.683	615.412	27.515038	-82.417727                                                                                                                                     
FL	1217	14436344131	2517038161	5573.904	971.834	27.227406	-81.58763                                                                                                                                     
FL	1218	3910535150	982704405	1509.866	379.424	27.137537	-80.381641                                                                                                                                      
FL	1219	1936022220	3172444026	747.502	1224.888	26.431446	-82.052035                                                                                                                                     
FL	1220	5592083432	639231829	2159.116	246.809	26.446199	-80.587196                                                                                                                                      
FL	1221	663400320	250730546	256.14	96.808	26.562631	-80.126245                                                                                                                                          
FL	1222	424107410	231481937	163.749	89.376	26.270726	-80.129921                                                                                                                                         
FL	1223	483878371	168069483	186.826	64.892	26.045369	-80.243921                                                                                                                                         
FL	1224	265296137	33052075	102.431	12.761	25.908466	-80.210911                                                                                                                                          
FL	1225	9076854233	439372658	3504.593	169.643	26.204284	-81.202959                                                                                                                                      
FL	1226	5657663176	11719979204	2184.436	4525.109	25.215749	-81.158374                                                                                                                                   
FL	1227	293301972	528567110	113.245	204.081	25.691263	-80.250152                                                                                                                                        
GA	1301	21048444071	2075292823	8126.85	801.275	31.317438	-81.942545                                                                                                                                     
GA	1302	24942781574	438660931	9630.462	169.368	31.816237	-84.419031                                                                                                                                     
GA	1303	9936155158	214857930	3836.371	82.957	33.150522	-84.728664                                                                                                                                       
GA	1304	1287990593	21222118	497.296	8.194	33.697638	-84.051433                                                                                                                                          
GA	1305	686302641	4984703	264.983	1.925	33.706985	-84.401119                                                                                                                                            
GA	1306	774162365	13942603	298.906	5.383	34.013049	-84.345662                                                                                                                                           
GA	1307	1017542680	25084615	392.875	9.685	34.040192	-84.082959                                                                                                                                          
GA	1308	22633643924	297717058	8738.899	114.949	31.779807	-83.451511                                                                                                                                     
GA	1309	13499482920	410252103	5212.18	158.399	34.506113	-83.68705                                                                                                                                       
GA	1310	18384789422	459258593	7098.407	177.321	33.424189	-83.062252                                                                                                                                     
GA	1311	2771534087	70476015	1070.095	27.211	34.180432	-84.651494                                                                                                                                        
GA	1312	21267589066	309552288	8211.462	119.519	32.413331	-82.223842                                                                                                                                     
GA	1313	1850106954	25651470	714.33	9.904	33.629101	-84.566453                                                                                                                                           
GA	1314	9385709467	51796320	3623.843	19.999	34.430586	-85.097876                                                                                                                                        
HI	1501	541344282	456757723	209.014	176.355	21.32264	-157.905954                                                                                                                                        
HI	1502	16092802884	11320894383	6213.466	4371.022	19.828167	-155.495042                                                                                                                                 
ID	1601	102098333136	1310340620	39420.388	505.925	45.29675	-116.035842                                                                                                                                  
ID	1602	111951590360	1081237125	43224.753	417.468	43.443926	-113.364262                                                                                                                                 
IL	1701	669016755	2073809	258.309	0.801	41.546671	-87.835747                                                                                                                                            
IL	1702	2798796654	25400101	1080.621	9.807	41.256208	-87.790115                                                                                                                                         
IL	1703	613518007	13408430	236.881	5.177	41.678977	-87.891975                                                                                                                                           
IL	1704	135812094	966145	52.437	0.373	41.831869	-87.710024                                                                                                                                              
IL	1705	247578728	1850393	95.591	0.714	41.930366	-87.830902                                                                                                                                             
IL	1706	980918510	27731687	378.735	10.707	42.175114	-88.219952                                                                                                                                          
IL	1707	161457248	5341167	62.339	2.062	41.863332	-87.732122                                                                                                                                             
IL	1708	532659002	10394860	205.661	4.013	42.009371	-88.096725                                                                                                                                           
IL	1709	272987206	1558240	105.401	0.602	42.052684	-87.810185                                                                                                                                            
IL	1710	776603944	32060080	299.848	12.378	42.280015	-87.939942                                                                                                                                          
IL	1711	725990529	16179705	280.307	6.247	41.642252	-88.147417                                                                                                                                           
IL	1712	12970770929	462314953	5008.043	178.501	37.993307	-89.427891                                                                                                                                     
IL	1713	15005237497	216248808	5793.555	83.494	39.515635	-89.519842                                                                                                                                      
IL	1714	4136816322	63272999	1597.234	24.43	42.025547	-88.445853                                                                                                                                         
IL	1715	38062835792	353467974	14696.144	136.475	38.905169	-88.442079                                                                                                                                    
IL	1716	20503120674	183537183	7916.299	70.864	41.391523	-88.799197                                                                                                                                      
IL	1717	17949492993	346535305	6930.338	133.798	41.389467	-90.218653                                                                                                                                     
IL	1718	27234848169	383625124	10515.434	148.118	40.227184	-90.069118                                                                                                                                    
IL	17ZZ	0	4070627355	0.	1571.678	42.175358	-87.422446                                                                                                                                                   
IN	1801	2995908339	625609723	1156.727	241.549	41.497032	-87.179837                                                                                                                                      
IN	1802	10252978472	131939685	3958.697	50.942	41.248724	-86.236798                                                                                                                                      
IN	1803	10826442403	135637545	4180.113	52.37	41.097767	-85.235042                                                                                                                                       
IN	1804	16451012548	69945585	6351.772	27.006	40.381088	-86.859412                                                                                                                                       
IN	1805	4985645511	40431063	1924.969	15.611	40.248632	-85.869599                                                                                                                                        
IN	1806	16075781392	107203428	6206.894	41.391	39.475219	-85.376338                                                                                                                                      
IN	1807	787483087	4511197	304.049	1.742	39.746873	-86.139006                                                                                                                                            
IN	1808	18791594957	280994636	7255.476	108.493	38.733017	-87.199347                                                                                                                                     
IN	1809	11622151516	145340779	4487.338	56.116	38.782938	-86.212246                                                                                                                                      
IA	1901	31206330299	228993189	12048.832	88.415	42.527337	-91.89628                                                                                                                                      
IA	1902	31755758881	433929677	12260.968	167.541	41.208515	-92.149188                                                                                                                                    
IA	1903	22763034435	154917522	8788.857	59.814	41.209543	-94.640381                                                                                                                                      
IA	1904	58934565233	268156501	22754.764	103.536	42.628638	-94.645098                                                                                                                                    
KS	2001	136083289207	595079553	52542.054	229.762	38.731595	-99.408037                                                                                                                                   
KS	2002	36633614181	527544879	14144.318	203.686	38.482278	-95.42464                                                                                                                                     
KS	2003	1961898902	32746300	757.493	12.643	38.895004	-94.790643                                                                                                                                         
KS	2004	37074975584	190336765	14314.729	73.489	37.554465	-97.743983                                                                                                                                     
KY	2101	31298428711	1217792757	12084.391	470.192	37.084603	-87.184938                                                                                                                                   
KY	2102	18601962562	388145811	7182.258	149.864	37.536465	-85.993232                                                                                                                                     
KY	2103	828118496	40437456	319.738	15.613	38.188936	-85.695108                                                                                                                                          
KY	2104	11328347081	294315545	4373.899	113.636	38.568973	-84.437006                                                                                                                                     
KY	2105	29096064464	312344875	11234.054	120.597	37.381357	-83.528368                                                                                                                                    
KY	2106	11129874766	114989259	4297.269	44.398	38.053447	-84.154778                                                                                                                                      
LA	2201	10444569151	14390748921	4032.671	5556.299	29.650554	-89.880453                                                                                                                                  
LA	2202	3292600018	517082356	1271.28	199.647	30.046744	-90.568499                                                                                                                                       
LA	2203	18089008343	5595082939	6984.205	2160.274	29.956114	-92.430776                                                                                                                                   
LA	2204	32210671190	1104879605	12436.61	426.596	31.792051	-93.179597                                                                                                                                    
LA	2205	37431544173	1117421090	14452.401	431.439	31.764836	-91.823332                                                                                                                                   
LA	2206	10445582550	1012450071	4033.062	390.909	30.295781	-91.008526                                                                                                                                    
ME	2301	8513824047	4731822605	3287.206	1826.967	43.846054	-69.91525                                                                                                                                     
ME	2302	71374604925	7013114511	27557.89	2707.779	45.510001	-69.08531                                                                                                                                    
MD	2401	10301426297	4035390212	3977.403	1558.073	38.768471	-75.958886                                                                                                                                   
MD	2402	903003118	440362296	348.651	170.025	39.339519	-76.428702                                                                                                                                        
MD	2403	788725505	252343785	304.529	97.43	39.15758	-76.676214                                                                                                                                           
MD	2404	771268630	48188249	297.788	18.606	39.056247	-76.592471                                                                                                                                          
MD	2405	3840026634	2066519525	1482.643	797.888	38.471817	-76.712036                                                                                                                                     
MD	2406	5056544736	97647656	1952.343	37.702	39.537867	-78.883588                                                                                                                                        
MD	2407	1264467322	14707427	488.214	5.679	39.28681	-76.996552                                                                                                                                           
MD	2408	2226433523	24012236	859.631	9.271	39.422295	-77.242003                                                                                                                                          
MA	2501	6086808204	129683314	2350.13	50.071	42.331044	-72.864178                                                                                                                                        
MA	2502	4216491678	221765526	1627.997	85.624	42.385042	-72.118691                                                                                                                                       
MA	2503	1962263265	76141310	757.634	29.398	42.589515	-71.572828                                                                                                                                         
MA	2504	1730853132	86336453	668.286	33.335	41.997215	-71.227536                                                                                                                                         
MA	2505	686684971	58451503	265.131	22.568	42.355366	-71.29844                                                                                                                                           
MA	2506	1364547189	864063305	526.855	333.617	42.617112	-70.885391                                                                                                                                       
MA	2507	162431362	97420067	62.715	37.614	42.316688	-71.009442                                                                                                                                           
MA	2508	844339683	448445056	326.001	173.146	42.194734	-70.944005                                                                                                                                        
MA	2509	3149977414	5148347272	1216.213	1987.788	41.694087	-70.4843                                                                                                                                      
MI	2601	64824859099	75781913171	25029.019	29259.562	46.157305	-86.436912                                                                                                                                
MI	2602	8644882736	7324927463	3337.808	2828.17	43.397541	-86.318863                                                                                                                                     
MI	2603	6813830372	174443730	2630.835	67.353	42.720027	-85.237276                                                                                                                                       
MI	2604	21910946219	516311292	8459.864	199.349	43.731553	-84.750399                                                                                                                                     
MI	2605	6084081341	4834864557	2349.077	1866.752	44.081876	-83.690011                                                                                                                                    
MI	2606	9187960849	4066171236	3547.492	1569.958	42.164052	-86.156052                                                                                                                                    
MI	2607	10950911572	525894996	4228.171	203.049	42.093608	-84.304955                                                                                                                                     
MI	2608	3893221886	99468601	1503.181	38.405	42.647773	-83.945354                                                                                                                                        
MI	2609	475515281	13435259	183.597	5.187	42.52966	-83.054722                                                                                                                                            
MI	2610	10740211851	5427765085	4146.819	2095.672	43.455904	-82.882407                                                                                                                                   
MI	2611	1085486513	55928940	419.109	21.594	42.530002	-83.453996                                                                                                                                         
MI	2612	1043586045	72401652	402.931	27.954	42.205381	-83.447043                                                                                                                                         
MI	2613	478943000	5360844	184.921	2.07	42.380381	-83.312553                                                                                                                                             
MI	2614	480167509	98071948	185.394	37.866	42.389224	-82.921841                                                                                                                                          
MI	26ZZ	0	4875244624	0.	1882.343	42.636317	-86.544742                                                                                                                                                   
MN	2701	31013571456	540395058	11974.407	208.648	43.898939	-93.711742                                                                                                                                    
MN	2702	6314191440	241411190	2437.923	93.209	44.478968	-92.853042                                                                                                                                       
MN	2703	1366020876	144558299	527.424	55.814	44.995926	-93.528802                                                                                                                                        
MN	2704	861431709	84238199	332.601	32.525	45.002713	-92.977366                                                                                                                                          
MN	2705	351548881	16683958	135.734	6.442	44.980962	-93.294145                                                                                                                                           
MN	2706	7460845760	409022097	2880.649	157.924	45.336807	-93.852055                                                                                                                                      
MN	2707	86581615754	5058813380	33429.35	1953.219	46.55302	-95.675905                                                                                                                                    
MN	2708	72282931694	12454742045	27908.597	4808.803	47.250358	-92.964051                                                                                                                                 
MS	2801	27384950228	404627885	10573.389	156.228	34.197518	-89.003512                                                                                                                                    
MS	2802	40278711117	951654563	15551.698	367.436	33.178215	-90.351401                                                                                                                                    
MS	2803	33034563291	341188667	12754.717	131.734	32.01493	-89.740589                                                                                                                                     
MS	2804	20834263169	2218320561	8044.154	856.498	30.994186	-89.090334                                                                                                                                    
MO	2901	583695005	27418506	225.366	10.586	38.728591	-90.296508                                                                                                                                          
MO	2902	1206235208	37560931	465.73	14.502	38.60297	-90.532337                                                                                                                                           
MO	2903	17745281187	368280477	6851.492	142.194	38.578171	-91.563185                                                                                                                                     
MO	2904	37313803627	744415509	14406.941	287.42	38.282425	-93.318995                                                                                                                                     
MO	2905	6281531525	89804380	2425.313	34.674	39.141444	-93.783898                                                                                                                                        
MO	2906	47132862828	528233781	18198.101	203.952	39.948014	-93.293542                                                                                                                                    
MO	2907	16243519727	248662809	6271.658	96.009	36.991061	-93.706352                                                                                                                                      
MO	2908	51545634568	442839397	19901.882	170.981	37.194128	-90.934515                                                                                                                                    
MT	3000	376973673895	3866689601	145550.355	1492.937	47.051177	-109.634817                                                                                                                               
NE	3101	22993091638	252763716	8877.683	97.593	41.374459	-96.828662                                                                                                                                      
NE	3102	1312817573	50848632	506.882	19.633	41.228622	-96.160905                                                                                                                                         
NE	3103	174651464320	1067505609	67433.31	412.166	41.539473	-100.222969                                                                                                                                  
NV	3201	270618467	16683	104.486	0.006	36.133543	-115.151542                                                                                                                                             
NV	3202	144774071251	1139465260	55897.584	439.95	40.651151	-117.329684                                                                                                                                  
NV	3203	7378694839	102795596	2848.93	39.69	35.663194	-115.153967                                                                                                                                        
NV	3204	132113879687	597384713	51009.456	230.652	38.085647	-116.026496                                                                                                                                  
NH	3301	6384304721	625319283	2464.994	241.437	43.46473	-71.200177                                                                                                                                       
NH	3302	16805809257	400653718	6488.76	154.693	43.764178	-71.721399                                                                                                                                      
NJ	3401	907157067	51106489	350.255	19.732	39.791975	-75.055921                                                                                                                                          
NJ	3402	5423978385	2034572955	2094.21	785.553	39.3933	-74.907257                                                                                                                                        
NJ	3403	2326524672	618513883	898.276	238.81	39.898974	-74.476343                                                                                                                                        
NJ	3404	1789704732	49670918	691.009	19.178	40.162983	-74.320152                                                                                                                                         
NJ	3405	2568214384	84249215	991.593	32.529	41.18625	-74.828137                                                                                                                                          
NJ	3406	557588892	493133638	215.286	190.4	40.351146	-74.206401                                                                                                                                          
NJ	3407	2512245188	46997049	969.983	18.146	40.631748	-74.789504                                                                                                                                         
NJ	3408	141502196	37910320	54.634	14.637	40.722569	-74.110096                                                                                                                                           
NJ	3409	246878485	19397659	95.32	7.489	40.860782	-74.073824                                                                                                                                             
NJ	3410	196398926	12310392	75.83	4.753	40.708964	-74.209045                                                                                                                                             
NJ	3411	1311151439	66907212	506.238	25.833	40.902019	-74.450539                                                                                                                                         
NJ	3412	1067393289	18492215	412.123	7.14	40.374216	-74.574057                                                                                                                                           
NM	3501	11916352359	16576045	4600.93	6.4	34.770634	-106.05175                                                                                                                                           
NM	3502	185821828656	408390188	71746.212	157.68	33.385261	-106.299442                                                                                                                                   
NM	3503	116460379920	301515882	44965.606	116.416	36.009852	-105.831857                                                                                                                                  
NY	3601	1684046571	3359943463	650.214	1297.281	40.983872	-72.549515                                                                                                                                     
NY	3602	468570697	376363708	180.916	145.315	40.685161	-73.294978                                                                                                                                        
NY	3603	659986401	302111406	254.822	116.646	40.860496	-73.505379                                                                                                                                        
NY	3604	286817732	168689006	110.741	65.131	40.636948	-73.60591                                                                                                                                          
NY	3605	134489222	193585603	51.927	74.744	40.596562	-73.827212                                                                                                                                          
NY	3606	77166237	711425	29.794	0.275	40.734862	-73.823455                                                                                                                                               
NY	3607	41802690	2679594	16.14	1.035	40.690959	-73.910504                                                                                                                                               
NY	3608	73604693	48109352	28.419	18.575	40.621438	-73.911077                                                                                                                                            
NY	3609	40269791	499820	15.548	0.193	40.642184	-73.947201                                                                                                                                               
NY	3610	36378247	23700025	14.046	9.151	40.703222	-74.006292                                                                                                                                             
NY	3611	168170344	130086200	64.931	50.227	40.566974	-74.126314                                                                                                                                          
NY	3612	38311802	7282928	14.792	2.812	40.751026	-73.95042                                                                                                                                               
NY	3613	26326233	7254530	10.165	2.801	40.838862	-73.932982                                                                                                                                              
NY	3614	74026508	38935278	28.582	15.033	40.809782	-73.837004                                                                                                                                            
NY	3615	37627383	6240676	14.528	2.41	40.824031	-73.891163                                                                                                                                               
NY	3616	203002818	76299095	78.38	29.459	40.939735	-73.791088                                                                                                                                            
NY	3617	990923497	149844474	382.598	57.855	41.159532	-73.919355                                                                                                                                         
NY	3618	3507049026	160164181	1354.079	61.84	41.411657	-74.080981                                                                                                                                        
NY	3619	20557311808	429646320	7937.223	165.887	42.227811	-74.425633                                                                                                                                     
NY	3620	3189532591	81790694	1231.485	31.58	42.748882	-73.988366                                                                                                                                         
NY	3621	39145764061	3341236146	15114.265	1290.059	44.008384	-74.609231                                                                                                                                  
NY	3622	13150075380	386663458	5077.273	149.292	42.870694	-75.662664                                                                                                                                     
NY	3623	19093117487	1602174040	7371.894	618.603	42.344244	-77.845808                                                                                                                                    
NY	3624	6186379687	3271950692	2388.575	1263.307	43.210319	-76.648094                                                                                                                                    
NY	3625	1321269594	1831810839	510.145	707.266	43.323395	-77.715489                                                                                                                                      
NY	3626	567625232	35592037	219.161	13.742	42.961825	-78.840983                                                                                                                                          
NY	3627	10289875129	3223385171	3972.943	1244.556	43.00085	-78.316882                                                                                                                                    
NC	3701	15207152815	525752701	5871.515	202.994	36.144824	-77.528263                                                                                                                                     
NC	3702	6987703597	95728322	2697.968	36.961	35.761249	-78.406773                                                                                                                                        
NC	3703	18694871223	10735993253	7218.13	4145.19	35.446967	-76.605286                                                                                                                                    
NC	3704	1897010641	18000829	732.44	6.95	36.102569	-79.062067                                                                                                                                            
NC	3705	10280081294	80701577	3969.162	31.159	36.265333	-80.979774                                                                                                                                       
NC	3706	10128871422	209014034	3910.779	80.701	36.014538	-79.47224                                                                                                                                       
NC	3707	15402377621	1122846486	5946.891	433.533	34.640593	-78.206501                                                                                                                                    
NC	3708	7651206113	123084850	2954.147	47.523	35.295479	-79.780527                                                                                                                                       
NC	3709	10035536696	85773395	3874.743	33.117	34.853079	-79.5357                                                                                                                                         
NC	3710	6708871720	107376063	2590.31	41.458	35.439187	-81.62936                                                                                                                                         
NC	3711	17106240158	190948120	6604.757	73.725	35.521414	-82.810244                                                                                                                                      
NC	3712	1087800773	56058070	420.002	21.644	35.273741	-80.856007                                                                                                                                         
NC	3713	4745301686	105117478	1832.171	40.586	35.847707	-80.450929                                                                                                                                       
ND	3800	178698456949	4410633765	68995.863	1702.955	47.442174	-100.460826                                                                                                                                
OH	3901	1778478827	27842622	686.675	10.75	39.336019	-84.346853                                                                                                                                          
OH	3902	8343312551	78488575	3221.371	30.305	39.018868	-83.551946                                                                                                                                        
OH	3903	590740187	11279289	228.086	4.355	39.966207	-82.947495                                                                                                                                           
OH	3904	12083262724	122337356	4665.374	47.235	40.387175	-83.935703                                                                                                                                      
OH	3905	14571403402	72956784	5626.051	28.169	41.155751	-84.044789                                                                                                                                       
OH	3906	18685758233	202720476	7214.612	78.271	39.771409	-81.575039                                                                                                                                      
OH	3907	10010016396	64562455	3864.889	24.928	40.481163	-82.392918                                                                                                                                       
OH	3908	6343937309	43013266	2449.408	16.608	39.899575	-84.160831                                                                                                                                        
OH	3909	1199248676	4316107859	463.033	1666.459	41.403253	-82.548119                                                                                                                                     
OH	3910	2925217665	15846009	1129.433	6.118	39.701363	-83.958697                                                                                                                                         
OH	3911	633588299	1310741580	244.63	506.08	41.613795	-81.527719                                                                                                                                         
OH	3912	5884320830	76709403	2271.949	29.618	40.225651	-82.611557                                                                                                                                        
OH	3913	2315409805	70711729	893.985	27.302	41.14963	-80.978697                                                                                                                                          
OH	3914	5063849520	3730278343	1955.163	1440.269	41.751164	-81.019475                                                                                                                                    
OH	3915	12273450555	99845179	4738.806	38.55	39.57786	-82.756205                                                                                                                                         
OH	3916	3121705125	31215207	1205.297	12.052	40.982155	-81.740604                                                                                                                                        
OK	4001	4227322030	142377731	1632.178	54.972	36.21174	-95.78958                                                                                                                                         
OK	4002	54380577870	1948890469	20996.459	752.471	35.143303	-95.441772                                                                                                                                   
OK	4003	88360939529	815352265	34116.351	314.809	36.107069	-98.839765                                                                                                                                    
OK	4004	25323591569	407808311	9777.494	157.456	34.586592	-97.750131                                                                                                                                     
OK	4005	5371759467	59260540	2074.048	22.881	35.307879	-96.989604                                                                                                                                        
OR	4101	7788395654	769451197	3007.117	297.087	45.721199	-123.341271                                                                                                                                     
OR	4102	179877891474	1885219171	69451.245	727.887	43.837494	-119.59685                                                                                                                                  
OR	4103	2782977699	82146654	1074.514	31.717	45.389998	-122.19909                                                                                                                                        
OR	4104	44736601045	2228128883	17272.899	860.285	43.472003	-123.273132                                                                                                                                  
OR	4105	13442560992	1206007454	5190.202	465.642	45.028365	-123.195164                                                                                                                                   
PA	4201	1653543734	45294832	638.437	17.488	40.332054	-75.113419                                                                                                                                         
PA	4202	162573798	8417220	62.77	3.25	40.046424	-75.059677                                                                                                                                               
PA	4203	136853340	4521279	52.839	1.746	40.003233	-75.198174                                                                                                                                             
PA	4204	1235210685	11514142	476.918	4.446	40.2208	-75.393165                                                                                                                                            
PA	4205	548510481	26309562	211.781	10.158	39.920522	-75.375241                                                                                                                                          
PA	4206	2364255958	27670806	912.844	10.684	40.024003	-75.776297                                                                                                                                         
PA	4207	2219443951	29729161	856.932	11.478	40.727822	-75.423219                                                                                                                                         
PA	4208	6907245083	178146016	2666.902	68.783	41.364475	-75.404679                                                                                                                                       
PA	4209	8532923141	92871327	3294.58	35.858	40.778673	-76.160221                                                                                                                                         
PA	4210	2797758787	100093120	1080.221	38.646	40.262409	-76.857876                                                                                                                                       
PA	4211	3892688684	113306548	1502.976	43.748	39.970744	-76.398021                                                                                                                                       
PA	4212	25630190852	242749412	9895.872	93.726	41.343882	-77.055262                                                                                                                                      
PA	4213	15592105004	92631440	6020.146	35.765	40.103155	-78.262444                                                                                                                                       
PA	4214	7375049510	52678787	2847.523	20.339	40.076173	-79.924782                                                                                                                                        
PA	4215	25212805018	226807286	9734.719	87.571	41.210853	-78.910328                                                                                                                                      
PA	4216	8576648776	2083798050	3311.463	804.559	41.632638	-80.136568                                                                                                                                     
PA	4217	2286472068	41236278	882.812	15.921	40.608755	-80.187126                                                                                                                                         
PA	4218	757655195	19985421	292.532	7.716	40.3712	-79.898931                                                                                                                                             
RI	4401	695511947	628736839	268.539	242.757	41.630677	-71.328672                                                                                                                                        
RI	4402	1982247272	694954290	765.35	268.323	41.569601	-71.615514                                                                                                                                        
SC	4501	4013372574	2196759643	1549.572	848.174	32.714063	-80.160624                                                                                                                                     
SC	4502	7827763349	225073206	3022.316	86.901	33.633062	-81.379289                                                                                                                                       
SC	4503	13646606390	518391954	5268.984	200.152	34.363867	-82.338204                                                                                                                                     
SC	4504	3366157618	44908116	1299.681	17.339	34.941701	-82.170156                                                                                                                                        
SC	4505	14260301148	264386336	5505.933	102.08	34.530228	-81.010938                                                                                                                                      
SC	4506	20883796159	864425365	8063.279	333.757	33.208208	-80.523987                                                                                                                                     
SC	4507	13868135330	960366795	5354.517	370.8	34.083478	-79.498848                                                                                                                                       
SD	4600	196345992286	3383664203	75809.615	1306.44	44.446796	-100.238176                                                                                                                                 
TN	4701	10731796495	203244768	4143.57	78.473	36.212501	-82.799917                                                                                                                                       
TN	4702	6013839095	278141241	2321.956	107.391	36.05036	-83.821188                                                                                                                                       
TN	4703	11837037511	371940349	4570.306	143.607	35.761646	-84.509444                                                                                                                                     
TN	4704	15501004288	241821533	5984.971	93.368	35.262145	-86.628878                                                                                                                                      
TN	4705	3233135627	71983386	1248.321	27.793	36.187331	-87.074025                                                                                                                                        
TN	4706	16770928815	323340831	6475.292	124.843	36.194771	-85.778434                                                                                                                                     
TN	4707	23727511475	414956033	9161.244	160.215	35.633389	-87.833342                                                                                                                                     
TN	4708	17731430757	367990838	6846.144	142.082	35.850861	-89.10183                                                                                                                                      
TN	4709	1244962190	49494395	480.683	19.11	35.167634	-89.978861                                                                                                                                          
TX	4801	20380750312	950674369	7869.052	367.057	31.951678	-94.552046                                                                                                                                     
TX	4802	800527806	54090315	309.086	20.884	30.047369	-95.178292                                                                                                                                          
TX	4803	1245574011	97890112	480.919	37.796	33.159254	-96.612677                                                                                                                                         
TX	4804	26239742129	1008591616	10131.222	389.419	33.298288	-95.418063                                                                                                                                   
TX	4805	13064847695	493752295	5044.366	190.639	32.225795	-95.731668                                                                                                                                     
TX	4806	5565392387	255738694	2148.81	98.741	32.235054	-96.665879                                                                                                                                        
TX	4807	419774770	2958389	162.076	1.142	29.724165	-95.500307                                                                                                                                            
TX	4808	15681867232	410974323	6054.803	158.678	30.833241	-95.543603                                                                                                                                     
TX	4809	429383939	4984759	165.786	1.925	29.64547	-95.494207                                                                                                                                             
TX	4810	13136813344	183705861	5072.152	70.929	29.976625	-96.592155                                                                                                                                      
TX	4811	72091348036	567432435	27834.626	219.087	31.732302	-100.063687                                                                                                                                   
TX	4812	3733508462	86132745	1441.516	33.256	32.821328	-97.664515                                                                                                                                        
TX	4813	99328212501	762549126	38350.839	294.422	34.837689	-100.597872                                                                                                                                   
TX	4814	6341003099	2535520538	2448.275	978.97	29.433717	-94.892695                                                                                                                                      
TX	4815	20212890690	154220298	7804.241	59.545	27.750011	-98.263411                                                                                                                                      
TX	4816	1841189026	3570589	710.887	1.379	31.904721	-106.296796                                                                                                                                          
TX	4817	19815613462	308775421	7650.851	119.219	31.153602	-96.665768                                                                                                                                     
TX	4818	609969180	3884610	235.51	1.5	29.818554	-95.253558                                                                                                                                               
TX	4819	66914497429	282291289	25835.833	108.993	33.24529	-101.209738                                                                                                                                    
TX	4820	517668546	1020452	199.873	0.394	29.474317	-98.622461                                                                                                                                            
TX	4821	15335324948	91602879	5921.002	35.368	30.05789	-98.975368                                                                                                                                        
TX	4822	2677177591	60662874	1033.664	23.422	29.510737	-95.677411                                                                                                                                        
TX	4823	150371805947	447621429	58058.881	172.828	30.38921	-102.326756                                                                                                                                   
TX	4824	682771846	21158869	263.62	8.169	32.919473	-97.012724                                                                                                                                            
TX	4825	19742145463	315463520	7622.485	121.801	31.500791	-97.815913                                                                                                                                     
TX	4826	2351685022	188698139	907.991	72.857	33.187555	-97.134377                                                                                                                                        
TX	4827	23622889496	4534662739	9120.849	1750.843	28.782994	-96.841407                                                                                                                                   
TX	4828	24291590306	298992268	9379.036	115.442	27.848634	-98.913612                                                                                                                                     
TX	4829	485943144	9015475	187.624	3.481	29.688161	-95.199807                                                                                                                                            
TX	4830	923911664	32243459	356.724	12.449	32.658621	-96.799009                                                                                                                                          
TX	4831	5580992581	135798560	2154.833	52.432	30.828818	-97.535412                                                                                                                                       
TX	4832	481773980	34092611	186.014	13.163	32.920383	-96.653636                                                                                                                                          
TX	4833	549459147	16183782	212.147	6.249	32.756444	-97.106948                                                                                                                                           
TX	4834	21216098450	3363353143	8191.582	1298.598	26.773816	-97.925366                                                                                                                                   
TX	4835	1540484180	18890415	594.784	7.294	29.919291	-97.884302                                                                                                                                          
TX	4836	18455961093	1242153832	7125.887	479.598	30.429193	-94.43149                                                                                                                                     
UT	4901	50653435526	3222015370	19557.402	1244.027	40.960515	-111.332671                                                                                                                                 
UT	4902	104106434250	2476477406	40195.721	956.173	38.744947	-112.553127                                                                                                                                 
UT	4903	51991196201	457543486	20073.914	176.659	38.696764	-110.216402                                                                                                                                   
UT	4904	6603992761	373951035	2549.816	144.383	39.879317	-111.844453                                                                                                                                     
VT	5000	23873081385	1030243281	9217.449	397.779	44.058954	-72.671017                                                                                                                                    
VA	5101	10908119582	1767274726	4211.649	682.349	37.88072	-76.976288                                                                                                                                     
VA	5102	2858739123	5175493208	1103.765	1998.269	37.393697	-75.935724                                                                                                                                    
VA	5103	1619178072	406607377	625.168	156.992	36.913755	-76.56948                                                                                                                                        
VA	5104	9433217400	296493194	3642.186	114.477	36.961749	-77.157718                                                                                                                                      
VA	5105	25979420444	391920248	10030.711	151.321	37.332342	-78.723558                                                                                                                                    
VA	5106	15356041758	104902711	5929.001	40.503	38.136543	-79.199254                                                                                                                                      
VA	5107	8076282132	144699027	3118.27	55.869	37.820184	-77.902408                                                                                                                                        
VA	5108	386935828	28982247	149.397	11.19	38.779064	-77.13996                                                                                                                                            
VA	5109	23609001827	153093220	9115.487	59.11	37.000863	-81.324995                                                                                                                                       
VA	5110	3551869719	37313523	1371.385	14.407	39.076162	-77.855958                                                                                                                                        
VA	5111	479374673	21290829	185.088	8.22	38.78906	-77.294622                                                                                                                                             
WA	5301	16010936559	1096558885	6181.857	423.384	48.367489	-121.657912                                                                                                                                   
WA	5302	2639286777	2687121780	1019.034	1037.504	48.375395	-122.5977                                                                                                                                     
WA	5303	23614796696	1216221090	9117.724	469.586	46.270915	-122.26225                                                                                                                                    
WA	5304	49848528613	807768880	19246.625	311.881	47.294627	-119.707178                                                                                                                                   
WA	5305	40076211609	598783840	15473.512	231.192	47.573205	-117.867549                                                                                                                                   
WA	5306	17876967872	5096390896	6902.336	1967.728	47.638858	-123.55094                                                                                                                                   
WA	5307	372787734	338990772	143.934	130.885	47.578426	-122.391357                                                                                                                                       
WA	5308	19061117460	367064238	7359.539	141.724	47.362385	-121.039385                                                                                                                                    
WA	5309	475189079	106213970	183.472	41.009	47.45873	-122.258471                                                                                                                                         
WA	5310	2142137760	234627733	827.084	90.59	47.041722	-122.755815                                                                                                                                        
WV	5401	16254933592	175273684	6276.065	67.674	39.381986	-80.268497                                                                                                                                      
WV	5402	20769717861	122799518	8019.233	47.413	38.838754	-80.173761                                                                                                                                      
WV	5403	25241645312	191132847	9745.854	73.797	37.991178	-81.218263                                                                                                                                      
WI	5501	4475468893	2523745476	1727.988	974.424	42.695239	-88.04635                                                                                                                                      
WI	5502	11750545987	188998048	4536.911	72.973	42.984295	-89.750866                                                                                                                                      
WI	5503	28794049224	815067592	11117.445	314.699	44.056297	-90.891748                                                                                                                                    
WI	5504	332613673	2454554520	128.423	947.709	42.904859	-87.842394                                                                                                                                       
WI	5505	4897677837	165430505	1891.004	63.873	43.199598	-88.531528                                                                                                                                       
WI	5506	12740812855	7315824707	4919.256	2824.656	43.779244	-88.274423                                                                                                                                   
WI	5507	59671488659	7699323947	23039.292	2972.726	45.698997	-90.655335                                                                                                                                  
WI	5508	17629589556	8180776855	6806.823	3158.616	44.831256	-87.936811                                                                                                                                   
WY	5600	251458712277	1867503715	97088.756	721.047	42.989659	-107.544392                                                                                                                                 
PR	7298	8868948653	4922329963	3424.32	1900.522	18.217648	-66.410799                                                                                                                                     
